1.100000000000000000e+04 1.567973987999999981e-05
1.099500000000000000e+04 1.837134361000000189e-05
1.099000000000000000e+04 3.799505531999999614e-05
1.098500000000000000e+04 3.205036512000000287e-05
1.098000000000000000e+04 3.288627369000000146e-05
1.097500000000000000e+04 2.894028788000000064e-05
1.097000000000000000e+04 3.921685274999999284e-05
1.096500000000000000e+04 3.549714573000000323e-05
1.096000000000000000e+04 3.296790178999999899e-05
1.095500000000000000e+04 4.451604093999999851e-05
1.095000000000000000e+04 1.921675866000000248e-05
1.094500000000000000e+04 2.533204155000000005e-05
1.094000000000000000e+04 2.632920165000000011e-05
1.093500000000000000e+04 2.501138952000000004e-05
1.093000000000000000e+04 2.468832069999999802e-05
1.092500000000000000e+04 1.909870422000000111e-05
1.092000000000000000e+04 2.475920132999999873e-05
1.091500000000000000e+04 1.706065842999999847e-05
1.091000000000000000e+04 1.890145358999999978e-05
1.090500000000000000e+04 1.261461293000000127e-05
1.090000000000000000e+04 1.135098747999999973e-05
1.089500000000000000e+04 7.388899685000000124e-06
1.089000000000000000e+04 1.808928441999999872e-05
1.088500000000000000e+04 7.478641345999999699e-06
1.088000000000000000e+04 5.280000000000000693e-07
1.087500000000000000e+04 7.394025451999999426e-06
1.087000000000000000e+04 1.941063208999999943e-05
1.086500000000000000e+04 2.188723302000000274e-05
1.086000000000000000e+04 9.477715939000000233e-06
1.085500000000000000e+04 5.090000000000000580e-08
1.085000000000000000e+04 4.380914615000000030e-06
1.084500000000000000e+04 2.288733842000000026e-05
1.084000000000000000e+04 3.878653806000000167e-06
1.083500000000000000e+04 2.725360972999999976e-06
1.083000000000000000e+04 4.544534604000000022e-06
1.082500000000000000e+04 8.375862963000000995e-06
1.082000000000000000e+04 4.292703234000000083e-06
1.081500000000000000e+04 9.449326317000000805e-06
1.081000000000000000e+04 6.568542449000000017e-06
1.080500000000000000e+04 1.365726580999999910e-05
1.080000000000000000e+04 8.535944507000001343e-06
1.079500000000000000e+04 5.368618877000000334e-06
1.079000000000000000e+04 5.589268985000000468e-06
1.078500000000000000e+04 1.651699275999999915e-06
1.078000000000000000e+04 6.424309686000000250e-06
1.077500000000000000e+04 6.255883491000000890e-06
1.077000000000000000e+04 8.931386982999999630e-06
1.076500000000000000e+04 1.224568347000000073e-05
1.076000000000000000e+04 -1.903757947999999804e-06
1.075500000000000000e+04 7.874673465000000801e-06
1.075000000000000000e+04 5.920000000000000071e-07
1.074500000000000000e+04 5.234744748999999633e-06
1.074000000000000000e+04 -7.130103186000000051e-06
1.073500000000000000e+04 7.219791878000000287e-06
1.073000000000000000e+04 1.107349410000000014e-05
1.072500000000000000e+04 4.539217042999999767e-06
1.072000000000000000e+04 3.895860573000000278e-06
1.071500000000000000e+04 5.639630252999999703e-06
1.071000000000000000e+04 1.426543108999999889e-05
1.070500000000000000e+04 -3.550000000000000422e-07
1.070000000000000000e+04 3.520000000000000418e-08
1.069500000000000000e+04 1.035621389999999923e-05
1.069000000000000000e+04 1.129294745999999885e-05
1.068500000000000000e+04 6.349999999999999785e-09
1.068000000000000000e+04 7.877297467000001031e-06
1.067500000000000000e+04 9.709957521000000592e-06
1.067000000000000000e+04 8.871177561000000104e-06
1.066500000000000000e+04 1.139792148000000059e-05
1.066000000000000000e+04 6.452620728000000502e-06
1.065500000000000000e+04 5.710000000000000176e-08
1.065000000000000000e+04 8.339261403000000633e-06
1.064500000000000000e+04 1.498112338999999910e-05
1.064000000000000000e+04 2.128872146999999931e-06
1.063500000000000000e+04 1.088981166999999883e-05
1.063000000000000000e+04 3.115310973999999842e-06
1.062500000000000000e+04 3.196941688999999759e-06
1.062000000000000000e+04 8.321607020000000560e-06
1.061500000000000000e+04 7.133817998999999958e-06
1.061000000000000000e+04 8.770000000000000313e-07
1.060500000000000000e+04 3.694825573000000093e-06
1.060000000000000000e+04 5.428940057999999218e-06
1.059500000000000000e+04 7.240406121000000667e-06
1.059000000000000000e+04 4.982842947000000006e-06
1.058500000000000000e+04 7.128824362999999798e-06
1.058000000000000000e+04 5.713091814000000572e-06
1.057500000000000000e+04 1.574266236000000074e-05
1.057000000000000000e+04 9.188901166999999913e-06
1.056500000000000000e+04 1.444608090000000023e-05
1.056000000000000000e+04 2.496284897999999862e-05
1.055500000000000000e+04 2.277115127000000109e-05
1.055000000000000000e+04 2.355171368000000067e-05
1.054500000000000000e+04 2.303764923000000122e-05
1.054000000000000000e+04 2.947269008000000118e-05
1.053500000000000000e+04 2.028808929000000137e-05
1.053000000000000000e+04 2.076655859000000367e-05
1.052500000000000000e+04 1.791233429999999907e-05
1.052000000000000000e+04 1.137992367000000062e-05
1.051500000000000000e+04 1.466565416000000062e-05
1.051000000000000000e+04 1.387152821000000056e-05
1.050500000000000000e+04 6.742732948999999819e-06
1.050000000000000000e+04 1.292519852999999989e-05
1.049500000000000000e+04 1.853763591000000022e-05
1.049000000000000000e+04 1.901787123999999950e-05
1.048500000000000000e+04 7.519091013999999521e-06
1.048000000000000000e+04 9.513858239999999796e-06
1.047500000000000000e+04 7.160734384999999586e-06
1.047000000000000000e+04 4.898284095999999239e-06
1.046500000000000000e+04 1.057935296999999932e-05
1.046000000000000000e+04 1.627542428000000089e-05
1.045500000000000000e+04 5.178504506999999993e-06
1.045000000000000000e+04 1.508425572000000004e-05
1.044500000000000000e+04 5.670000000000000347e-07
1.044000000000000000e+04 2.052525524000000092e-05
1.043500000000000000e+04 3.493952681000000113e-06
1.043000000000000000e+04 7.910251733999999079e-06
1.042500000000000000e+04 2.045752248000000045e-05
1.042000000000000000e+04 9.850848000000000251e-06
1.041500000000000000e+04 -1.703743765000000140e-06
1.041000000000000000e+04 9.344156715000000044e-06
1.040500000000000000e+04 -4.250000000000000072e-07
1.040000000000000000e+04 4.350000000000000174e-07
1.039500000000000000e+04 1.083802781000000012e-05
1.039000000000000000e+04 4.187625600000000051e-06
1.038500000000000000e+04 3.797875833999999888e-06
1.038000000000000000e+04 3.069999999999999829e-07
1.037500000000000000e+04 1.467644003999999934e-05
1.037000000000000000e+04 1.258819829999999852e-05
1.036500000000000000e+04 2.273578430000000114e-05
1.036000000000000000e+04 5.671919206999999753e-06
1.035500000000000000e+04 1.218382153000000179e-05
1.035000000000000000e+04 -5.360406940000000568e-06
1.034500000000000000e+04 4.561956738999999568e-06
1.034000000000000000e+04 5.301499041000000206e-06
1.033500000000000000e+04 2.492061758000000225e-06
1.033000000000000000e+04 7.870938280000000262e-06
1.032500000000000000e+04 1.661318470999999941e-05
1.032000000000000000e+04 -3.982870547999999906e-06
1.031500000000000000e+04 4.474486923000000207e-06
1.031000000000000000e+04 2.726390376000000090e-06
1.030500000000000000e+04 1.699454384000000115e-05
1.030000000000000000e+04 -3.216828917999999926e-06
1.029500000000000000e+04 1.105096190999999899e-05
1.029000000000000000e+04 1.247306354000000036e-05
1.028500000000000000e+04 5.770832649000000040e-06
1.028000000000000000e+04 2.230460523000000296e-05
1.027500000000000000e+04 -3.225500113000000169e-06
1.027000000000000000e+04 2.284851653000000201e-06
1.026500000000000000e+04 -1.423555949999999890e-06
1.026000000000000000e+04 5.620596929999999687e-06
1.025500000000000000e+04 1.119832740999999927e-05
1.025000000000000000e+04 -1.461507344999999967e-06
1.024500000000000000e+04 1.279682736000000017e-05
1.024000000000000000e+04 2.589999999999999766e-07
1.023500000000000000e+04 1.114292186999999873e-05
1.023000000000000000e+04 1.033672131999999906e-05
1.022500000000000000e+04 -1.309999999999999951e-07
1.022000000000000000e+04 -4.339999999999999952e-07
1.021500000000000000e+04 7.722208392999999789e-06
1.021000000000000000e+04 -5.199999999999999976e-07
1.020500000000000000e+04 -1.375639549000000007e-06
1.020000000000000000e+04 5.867638391999999876e-06
1.019500000000000000e+04 9.927270002999999515e-06
1.019000000000000000e+04 7.309999999999999680e-07
1.018500000000000000e+04 1.433085649999999963e-05
1.018000000000000000e+04 8.765043458000000668e-06
1.017500000000000000e+04 4.699082638000000373e-06
1.017000000000000000e+04 3.788179018999999807e-06
1.016500000000000000e+04 5.130000000000000011e-07
1.016000000000000000e+04 1.323728124000000001e-05
1.015500000000000000e+04 9.321477845999999923e-06
1.015000000000000000e+04 1.448687835000000019e-06
1.014500000000000000e+04 6.760773248999999552e-06
1.014000000000000000e+04 -1.884905796000000005e-06
1.013500000000000000e+04 1.350105856999999879e-05
1.013000000000000000e+04 1.955641666000000037e-05
1.012500000000000000e+04 -6.826033931999999373e-06
1.012000000000000000e+04 9.951079263999999640e-06
1.011500000000000000e+04 1.544835686000000082e-06
1.011000000000000000e+04 8.380143554000000686e-06
1.010500000000000000e+04 1.127371914000000140e-05
1.010000000000000000e+04 4.030113922999999541e-06
1.009500000000000000e+04 -1.449713018000000071e-06
1.009000000000000000e+04 4.888896946999999093e-06
1.008500000000000000e+04 1.857726602000000167e-06
1.008000000000000000e+04 1.518723438000000067e-05
1.007500000000000000e+04 3.640431386999999944e-06
1.007000000000000000e+04 1.700819121000000100e-06
1.006500000000000000e+04 9.037388953999999603e-06
1.006000000000000000e+04 7.148850709000000097e-06
1.005500000000000000e+04 2.045001311000000105e-06
1.005000000000000000e+04 1.159074018000000032e-05
1.004500000000000000e+04 2.729790867000000115e-06
1.004000000000000000e+04 -7.819999999999999879e-07
1.003500000000000000e+04 7.266684551999999258e-06
1.003000000000000000e+04 1.095607528000000013e-05
1.002500000000000000e+04 1.001555239999999957e-05
1.002000000000000000e+04 1.070173107999999962e-05
1.001500000000000000e+04 -1.713912643000000031e-06
1.001000000000000000e+04 -4.750000000000000050e-07
1.000500000000000000e+04 9.780435357000000663e-06
1.000000000000000000e+04 -7.290452485999999712e-06
9.995000000000000000e+03 -6.046889466000000192e-06
9.990000000000000000e+03 4.228208563000000274e-06
9.985000000000000000e+03 6.402602884999999677e-06
9.980000000000000000e+03 5.545626044999999399e-06
9.975000000000000000e+03 7.341019227000000074e-06
9.970000000000000000e+03 1.121686771999999992e-05
9.965000000000000000e+03 3.436981932999999874e-06
9.960000000000000000e+03 1.959891523999999820e-06
9.955000000000000000e+03 -1.954373437999999868e-06
9.950000000000000000e+03 1.313979504999999958e-05
9.945000000000000000e+03 -7.713064550999999735e-06
9.940000000000000000e+03 1.581855002000000086e-05
9.935000000000000000e+03 1.726809423000000120e-05
9.930000000000000000e+03 3.909872321000000324e-06
9.925000000000000000e+03 7.057106122000000558e-06
9.920000000000000000e+03 4.879189073000000294e-06
9.915000000000000000e+03 7.066827965999999846e-06
9.910000000000000000e+03 1.774666888999999986e-06
9.905000000000000000e+03 -1.230000000000000029e-07
9.900000000000000000e+03 -1.859230250999999858e-06
9.895000000000000000e+03 7.346032652999999390e-06
9.890000000000000000e+03 -2.539860142999999970e-06
9.885000000000000000e+03 9.640343486999999723e-06
9.880000000000000000e+03 7.181972031999999359e-06
9.875000000000000000e+03 1.049172365999999971e-05
9.870000000000000000e+03 1.019321615000000044e-05
9.865000000000000000e+03 7.653589710000000026e-06
9.860000000000000000e+03 4.918980994000000130e-06
9.855000000000000000e+03 8.851473685000000869e-06
9.850000000000000000e+03 2.461438417000000184e-06
9.845000000000000000e+03 6.312347249999999773e-06
9.840000000000000000e+03 -3.553223796000000055e-06
9.835000000000000000e+03 5.957740358999999275e-06
9.830000000000000000e+03 8.236982393999999529e-06
9.825000000000000000e+03 1.193941570999999832e-05
9.820000000000000000e+03 3.074097912999999872e-06
9.815000000000000000e+03 2.785826217999999680e-06
9.810000000000000000e+03 1.447962480999999940e-05
9.805000000000000000e+03 1.357634086000000035e-05
9.800000000000000000e+03 -1.435498270000000140e-06
9.795000000000000000e+03 1.421966153000000041e-06
9.790000000000000000e+03 -1.087388081999999923e-06
9.785000000000000000e+03 5.602041492000000060e-06
9.780000000000000000e+03 6.179994670999999956e-06
9.775000000000000000e+03 1.779944636000000067e-05
9.770000000000000000e+03 1.406246331000000141e-05
9.765000000000000000e+03 1.255211420000000118e-05
9.760000000000000000e+03 7.225350709999999601e-06
9.755000000000000000e+03 7.230000000000000022e-07
9.750000000000000000e+03 -4.147488216000000130e-06
9.745000000000000000e+03 5.349638522999999656e-06
9.740000000000000000e+03 9.180000000000000146e-08
9.735000000000000000e+03 1.465203705999999983e-05
9.730000000000000000e+03 6.127763771999999462e-06
9.725000000000000000e+03 7.432740531000000599e-06
9.720000000000000000e+03 3.413976518999999895e-06
9.715000000000000000e+03 -8.321104106000000116e-06
9.710000000000000000e+03 5.914516514000000270e-06
9.705000000000000000e+03 1.175623153999999984e-05
9.700000000000000000e+03 2.750000000000000140e-07
9.695000000000000000e+03 4.699887649999999555e-06
9.690000000000000000e+03 -8.913075435000000199e-06
9.685000000000000000e+03 5.544949671999999821e-06
9.680000000000000000e+03 1.585268881000000140e-05
9.675000000000000000e+03 4.405690997000000287e-06
9.670000000000000000e+03 6.502362666999999986e-06
9.665000000000000000e+03 4.496638138999999824e-06
9.660000000000000000e+03 5.616250563999999731e-06
9.655000000000000000e+03 -2.400000000000000315e-07
9.650000000000000000e+03 -1.233500428000000076e-05
9.645000000000000000e+03 8.715572185000000253e-06
9.640000000000000000e+03 -2.999999999999999864e-07
9.635000000000000000e+03 1.110014854999999912e-05
9.630000000000000000e+03 5.506171146000000899e-06
9.625000000000000000e+03 9.956548456000000741e-06
9.620000000000000000e+03 1.110150943999999902e-05
9.615000000000000000e+03 1.034449203999999973e-05
9.610000000000000000e+03 -1.634729997000000070e-06
9.605000000000000000e+03 8.547649486000000272e-06
9.600000000000000000e+03 6.892438978000000008e-06
9.595000000000000000e+03 2.112555229999999914e-06
9.590000000000000000e+03 2.255425206000000206e-06
9.585000000000000000e+03 4.189788887999999604e-06
9.580000000000000000e+03 7.643885328000000765e-06
9.575000000000000000e+03 7.355675916000000028e-06
9.570000000000000000e+03 -1.090679550999999951e-05
9.565000000000000000e+03 2.228344091999999763e-06
9.560000000000000000e+03 -9.350680629999999510e-06
9.555000000000000000e+03 -4.380000000000000310e-07
9.550000000000000000e+03 -1.388017699000000028e-06
9.545000000000000000e+03 1.617805829000000069e-06
9.540000000000000000e+03 7.083404344000000319e-06
9.535000000000000000e+03 5.898438393999999444e-06
9.530000000000000000e+03 5.673037958000000410e-06
9.525000000000000000e+03 1.575957431000000089e-06
9.520000000000000000e+03 1.070825383000000090e-05
9.515000000000000000e+03 1.554376095999999914e-05
9.510000000000000000e+03 2.449999999999999836e-07
9.505000000000000000e+03 3.218688653000000015e-06
9.500000000000000000e+03 1.130242249999999860e-05
9.495000000000000000e+03 4.686423926999999799e-06
9.490000000000000000e+03 -2.972113725000000016e-06
9.485000000000000000e+03 2.571912481999999639e-06
9.480000000000000000e+03 8.818274364000000521e-06
9.475000000000000000e+03 1.251598587000000073e-05
9.470000000000000000e+03 -5.888062879000000132e-06
9.465000000000000000e+03 -4.151265311999999917e-06
9.460000000000000000e+03 5.251566762999999647e-06
9.455000000000000000e+03 1.258422852999999882e-06
9.450000000000000000e+03 6.570000000000000200e-07
9.445000000000000000e+03 1.147309317999999972e-05
9.440000000000000000e+03 -5.464943824000000549e-06
9.435000000000000000e+03 1.026994664999999931e-05
9.430000000000000000e+03 7.698694244000000379e-06
9.425000000000000000e+03 8.878744556999999962e-06
9.420000000000000000e+03 2.639039885000000217e-06
9.415000000000000000e+03 6.155329173999999487e-06
9.410000000000000000e+03 1.066309413999999910e-06
9.405000000000000000e+03 4.484988457999999682e-06
9.400000000000000000e+03 8.350192802000000049e-06
9.395000000000000000e+03 6.344865541999999747e-06
9.390000000000000000e+03 5.861905519999999424e-06
9.385000000000000000e+03 1.803928521000000058e-05
9.380000000000000000e+03 -2.239189634999999869e-06
9.375000000000000000e+03 1.514092321000000029e-05
9.370000000000000000e+03 -8.740000000000000176e-07
9.365000000000000000e+03 5.160000000000000148e-07
9.360000000000000000e+03 8.016421924999999829e-06
9.355000000000000000e+03 1.185092842000000135e-05
9.350000000000000000e+03 4.919802303999999777e-06
9.345000000000000000e+03 4.485512035999999698e-06
9.340000000000000000e+03 8.354261517999999318e-06
9.335000000000000000e+03 8.673269766999999739e-06
9.330000000000000000e+03 2.804509713000000399e-06
9.325000000000000000e+03 1.434816950000000086e-06
9.320000000000000000e+03 7.478924817000000219e-06
9.315000000000000000e+03 1.425398280999999950e-05
9.310000000000000000e+03 -3.210881840999999706e-06
9.305000000000000000e+03 1.258922042000000048e-05
9.300000000000000000e+03 1.186609617000000091e-05
9.295000000000000000e+03 6.693865288999999321e-06
9.290000000000000000e+03 -9.952225954999999581e-06
9.285000000000000000e+03 1.230488182000000025e-05
9.280000000000000000e+03 1.071179052999999983e-05
9.275000000000000000e+03 5.587422637999999392e-06
9.270000000000000000e+03 1.426556845999999893e-05
9.265000000000000000e+03 6.509920930999999932e-06
9.260000000000000000e+03 9.877651463999999584e-06
9.255000000000000000e+03 2.078869728999999897e-06
9.250000000000000000e+03 9.217343176999999218e-06
9.245000000000000000e+03 5.733994767000000678e-06
9.240000000000000000e+03 1.296590780999999913e-05
9.235000000000000000e+03 1.030100742000000037e-05
9.230000000000000000e+03 8.457760558999999486e-06
9.225000000000000000e+03 6.773479981000000574e-06
9.220000000000000000e+03 9.523822227000000460e-06
9.215000000000000000e+03 4.416247538999999930e-06
9.210000000000000000e+03 7.773125544000000501e-06
9.205000000000000000e+03 1.169656519999999993e-05
9.200000000000000000e+03 3.553861461000000252e-06
9.195000000000000000e+03 9.285601553999999158e-06
9.190000000000000000e+03 1.631404506000000209e-05
9.185000000000000000e+03 1.348539487999999973e-05
9.180000000000000000e+03 1.919221133000000005e-05
9.175000000000000000e+03 7.614248898000000011e-06
9.170000000000000000e+03 1.741296145999999951e-05
9.165000000000000000e+03 1.280105206999999928e-05
9.160000000000000000e+03 6.751938490000000176e-06
9.155000000000000000e+03 1.163335050999999885e-05
9.150000000000000000e+03 9.441520086999999854e-06
9.145000000000000000e+03 7.715898099999999565e-06
9.140000000000000000e+03 1.317819813000000093e-05
9.135000000000000000e+03 1.171756418999999932e-05
9.130000000000000000e+03 8.931645425000000097e-06
9.125000000000000000e+03 1.179661601999999994e-05
9.120000000000000000e+03 1.451766467999999971e-05
9.115000000000000000e+03 8.846027195000000169e-06
9.110000000000000000e+03 3.582464706000000090e-06
9.105000000000000000e+03 2.896298246999999796e-06
9.100000000000000000e+03 3.879962604999999890e-06
9.095000000000000000e+03 4.160817771000000237e-06
9.090000000000000000e+03 7.133127074000000109e-06
9.085000000000000000e+03 1.685111782999999745e-05
9.080000000000000000e+03 1.880566706000000058e-05
9.075000000000000000e+03 1.285579055999999944e-05
9.070000000000000000e+03 1.598600646999999946e-06
9.065000000000000000e+03 1.203080639000000145e-05
9.060000000000000000e+03 -2.180000000000000198e-07
9.055000000000000000e+03 1.396908191999999986e-06
9.050000000000000000e+03 -4.285236063999999602e-06
9.045000000000000000e+03 -4.430249100999999659e-06
9.040000000000000000e+03 4.093748866999999788e-06
9.035000000000000000e+03 6.075089913999999277e-06
9.030000000000000000e+03 1.486794091999999892e-05
9.025000000000000000e+03 8.020000000000000082e-07
9.020000000000000000e+03 7.712785154999999703e-06
9.015000000000000000e+03 8.299999999999999942e-07
9.010000000000000000e+03 5.806300322999999371e-06
9.005000000000000000e+03 -3.249999999999999588e-07
9.000000000000000000e+03 -3.330000000000000305e-07
8.995000000000000000e+03 -3.333896457000000133e-06
8.990000000000000000e+03 3.619970811999999645e-06
8.985000000000000000e+03 -3.334536450000000304e-06
8.980000000000000000e+03 -1.269935746999999873e-06
8.975000000000000000e+03 1.438265782999999839e-05
8.970000000000000000e+03 5.927046295000000078e-06
8.965000000000000000e+03 1.099569722999999993e-05
8.960000000000000000e+03 1.203727908000000028e-05
8.955000000000000000e+03 1.086554956000000062e-05
8.950000000000000000e+03 1.458638230999999852e-05
8.945000000000000000e+03 8.489938335999999960e-06
8.940000000000000000e+03 8.506870363000000834e-06
8.935000000000000000e+03 1.011559623000000027e-05
8.930000000000000000e+03 1.292601664000000022e-06
8.925000000000000000e+03 7.266667671999999859e-06
8.920000000000000000e+03 1.341980968999999919e-06
8.915000000000000000e+03 -7.499999999999999131e-07
8.910000000000000000e+03 8.860501110999998754e-06
8.905000000000000000e+03 9.010981302999999406e-06
8.900000000000000000e+03 1.011294195999999824e-05
8.895000000000000000e+03 -4.020000000000000263e-07
8.890000000000000000e+03 -6.216570618999999313e-06
8.885000000000000000e+03 1.095343323000000050e-06
8.880000000000000000e+03 6.363351713000000418e-06
8.875000000000000000e+03 3.954641578999999534e-06
8.870000000000000000e+03 1.490245048999999980e-06
8.865000000000000000e+03 3.202013613000000153e-06
8.860000000000000000e+03 8.110000000000000491e-07
8.855000000000000000e+03 2.877155492999999973e-06
8.850000000000000000e+03 1.156952465000000105e-05
8.845000000000000000e+03 1.674619125000000051e-06
8.840000000000000000e+03 6.745746940999999555e-06
8.835000000000000000e+03 1.192027047999999841e-06
8.830000000000000000e+03 -6.880000000000000197e-07
8.825000000000000000e+03 1.155923091999999930e-06
8.820000000000000000e+03 6.121682236000000549e-06
8.815000000000000000e+03 6.834443193000000458e-06
8.810000000000000000e+03 4.957288038000000819e-06
8.805000000000000000e+03 5.711424746999999312e-06
8.800000000000000000e+03 3.599999999999999943e-07
8.795000000000000000e+03 4.098149366000000340e-06
8.790000000000000000e+03 6.558737367999999590e-06
8.785000000000000000e+03 8.619999999999999631e-07
8.780000000000000000e+03 2.295078738999999907e-06
8.775000000000000000e+03 3.858545678999999776e-06
8.770000000000000000e+03 3.534671850999999865e-06
8.765000000000000000e+03 2.305537490999999935e-06
8.760000000000000000e+03 3.056181012999999692e-06
8.755000000000000000e+03 5.402013193999999486e-06
8.750000000000000000e+03 3.308235899999999721e-06
8.745000000000000000e+03 7.607369334000000144e-06
8.740000000000000000e+03 3.960201283999999792e-06
8.735000000000000000e+03 5.258446909000000143e-06
8.730000000000000000e+03 8.989999999999999900e-07
8.725000000000000000e+03 1.819008757999999870e-06
8.720000000000000000e+03 4.890261333999999290e-06
8.715000000000000000e+03 1.461568754000000064e-06
8.710000000000000000e+03 3.526509099000000111e-06
8.705000000000000000e+03 5.259830504999999188e-06
8.700000000000000000e+03 2.851095051000000054e-06
8.695000000000000000e+03 2.584667527000000051e-06
8.690000000000000000e+03 2.269827527999999758e-06
8.685000000000000000e+03 -3.809999999999999838e-07
8.680000000000000000e+03 3.461505984999999813e-06
8.675000000000000000e+03 3.982273628999999920e-06
8.670000000000000000e+03 4.718785348999999722e-06
8.665000000000000000e+03 3.580000000000000029e-07
8.660000000000000000e+03 3.113517014000000018e-06
8.655000000000000000e+03 3.941440372999999885e-06
8.650000000000000000e+03 5.740000000000000312e-07
8.645000000000000000e+03 4.559999999999999540e-07
8.640000000000000000e+03 4.313402751000000415e-06
8.635000000000000000e+03 4.176455550000000491e-06
8.630000000000000000e+03 2.483425487000000038e-06
8.625000000000000000e+03 3.492468677000000215e-06
8.620000000000000000e+03 -7.889999999999999844e-07
8.615000000000000000e+03 -2.449999999999999836e-07
8.610000000000000000e+03 2.739815973000000247e-06
8.605000000000000000e+03 -8.090000000000000047e-07
8.600000000000000000e+03 2.260000000000000120e-07
8.595000000000000000e+03 4.419999999999999874e-08
8.590000000000000000e+03 1.640410192000000124e-06
8.585000000000000000e+03 2.195818960999999862e-06
8.580000000000000000e+03 -3.239999999999999896e-07
8.575000000000000000e+03 1.817127048999999903e-06
8.570000000000000000e+03 2.871682809000000180e-06
8.565000000000000000e+03 1.469343114999999865e-06
8.560000000000000000e+03 2.198695292000000089e-06
8.555000000000000000e+03 2.288790274000000090e-06
8.550000000000000000e+03 2.372022427000000050e-06
8.545000000000000000e+03 2.522734866999999958e-06
8.540000000000000000e+03 1.049791899000000038e-06
8.535000000000000000e+03 4.964913823999999849e-06
8.530000000000000000e+03 2.257239830000000027e-06
8.525000000000000000e+03 2.530689816999999983e-06
8.520000000000000000e+03 6.001814035999999534e-06
8.515000000000000000e+03 2.424893463999999864e-06
8.510000000000000000e+03 2.784781972999999725e-06
8.505000000000000000e+03 1.636648084999999970e-06
8.500000000000000000e+03 2.196065469999999923e-06
8.495000000000000000e+03 3.688954747999999920e-06
8.490000000000000000e+03 -5.250000000000000557e-07
8.485000000000000000e+03 2.448543673000000281e-06
8.480000000000000000e+03 4.500000000000000326e-07
8.475000000000000000e+03 2.047679154000000296e-06
8.470000000000000000e+03 1.925579418000000339e-06
8.465000000000000000e+03 3.682475362000000094e-06
8.460000000000000000e+03 2.527028846000000357e-06
8.455000000000000000e+03 2.355506293999999898e-06
8.450000000000000000e+03 5.160546861999999923e-06
8.445000000000000000e+03 2.343971282000000142e-06
8.440000000000000000e+03 1.266754698000000086e-06
8.435000000000000000e+03 3.720183448999999969e-06
8.430000000000000000e+03 2.055251097999999891e-06
8.425000000000000000e+03 2.661014732000000095e-06
8.420000000000000000e+03 1.587452715999999837e-06
8.415000000000000000e+03 -2.809999999999999883e-07
8.410000000000000000e+03 6.700000000000000438e-07
8.405000000000000000e+03 3.399439737999999955e-06
8.400000000000000000e+03 1.167794690000000076e-06
8.395000000000000000e+03 -8.789999999999999698e-07
8.390000000000000000e+03 2.849999999999999712e-08
8.385000000000000000e+03 5.299999999999999813e-08
8.380000000000000000e+03 3.468115174000000078e-06
8.375000000000000000e+03 4.176105140000000143e-06
8.370000000000000000e+03 -2.309999999999999906e-07
8.365000000000000000e+03 1.057873305000000113e-06
8.360000000000000000e+03 -2.849999999999999712e-08
8.355000000000000000e+03 3.530578979000000214e-06
8.350000000000000000e+03 -2.949999999999999814e-07
8.345000000000000000e+03 8.870000000000000414e-07
8.340000000000000000e+03 4.589999999999999676e-07
8.335000000000000000e+03 2.007305301999999786e-06
8.330000000000000000e+03 3.103174676999999721e-06
8.325000000000000000e+03 1.758503348999999949e-06
8.320000000000000000e+03 6.179999999999999752e-08
8.315000000000000000e+03 3.490627569000000039e-06
8.310000000000000000e+03 -1.499999999999999932e-07
8.305000000000000000e+03 1.510354923000000039e-06
8.300000000000000000e+03 2.696325828000000011e-06
8.295000000000000000e+03 1.490799767999999988e-06
8.290000000000000000e+03 1.339880400000000132e-06
8.285000000000000000e+03 2.907340240000000380e-06
8.280000000000000000e+03 1.370374229999999947e-06
8.275000000000000000e+03 2.670920511999999995e-06
8.270000000000000000e+03 1.024064185999999964e-06
8.265000000000000000e+03 1.394567516000000068e-06
8.260000000000000000e+03 4.498812777000000103e-06
8.255000000000000000e+03 -5.300000000000000078e-07
8.250000000000000000e+03 5.090000000000000580e-08
8.245000000000000000e+03 1.885059028000000200e-06
8.240000000000000000e+03 2.596183912999999793e-06
8.235000000000000000e+03 3.678206413000000070e-06
8.230000000000000000e+03 2.438602968999999903e-06
8.225000000000000000e+03 5.936475935999999781e-06
8.220000000000000000e+03 -6.930000000000000777e-07
8.215000000000000000e+03 1.771309908000000034e-06
8.210000000000000000e+03 4.103413085000000314e-06
8.205000000000000000e+03 3.230160801000000008e-06
8.200000000000000000e+03 2.134034439000000332e-06
8.195000000000000000e+03 1.286807528000000105e-06
8.190000000000000000e+03 2.039058891000000155e-06
8.185000000000000000e+03 5.400000000000000179e-07
8.180000000000000000e+03 2.977907425000000045e-06
8.175000000000000000e+03 4.355722921999999577e-06
8.170000000000000000e+03 1.732809469000000102e-06
8.165000000000000000e+03 3.292595502000000025e-06
8.160000000000000000e+03 2.961608697999999732e-06
8.155000000000000000e+03 6.740000000000000267e-07
8.150000000000000000e+03 -3.889999999999999496e-07
8.145000000000000000e+03 4.699999999999999470e-07
8.140000000000000000e+03 -2.879999999999999848e-07
8.135000000000000000e+03 2.557066035999999663e-06
8.130000000000000000e+03 2.371509035999999823e-06
8.125000000000000000e+03 1.941547962000000090e-06
8.120000000000000000e+03 1.652573846999999960e-06
8.115000000000000000e+03 -3.040000000000000222e-07
8.110000000000000000e+03 2.376134216000000030e-06
8.105000000000000000e+03 1.914972526999999850e-06
8.100000000000000000e+03 1.969524454999999825e-06
8.095000000000000000e+03 4.397929296999999721e-06
8.090000000000000000e+03 1.716042170000000042e-06
8.085000000000000000e+03 5.140000000000000763e-07
8.080000000000000000e+03 2.031071925999999934e-06
8.075000000000000000e+03 5.319999999999999463e-07
8.070000000000000000e+03 6.270000000000000955e-07
8.065000000000000000e+03 1.077132982999999926e-06
8.060000000000000000e+03 4.640000000000000256e-07
8.055000000000000000e+03 2.559999999999999630e-07
8.050000000000000000e+03 3.040000000000000222e-07
8.045000000000000000e+03 -4.380000000000000310e-07
8.040000000000000000e+03 1.068342390000000037e-06
8.035000000000000000e+03 -1.910000000000000030e-07
8.030000000000000000e+03 2.584197500000000003e-06
8.025000000000000000e+03 4.440000000000000053e-07
8.020000000000000000e+03 7.610000000000001043e-07
8.015000000000000000e+03 8.360000000000000215e-07
8.010000000000000000e+03 -5.149999999999999793e-08
8.005000000000000000e+03 2.688379609000000001e-06
8.000000000000000000e+03 8.479999999999999701e-07
7.995000000000000000e+03 1.992943288999999811e-06
7.990000000000000000e+03 2.754441811999999889e-06
7.985000000000000000e+03 8.870000000000000414e-07
7.980000000000000000e+03 2.487775054999999962e-06
7.975000000000000000e+03 1.741576997999999971e-06
7.970000000000000000e+03 1.917630725000000036e-06
7.965000000000000000e+03 7.179999999999999442e-07
7.960000000000000000e+03 3.778304090000000117e-06
7.955000000000000000e+03 1.530263106999999881e-06
7.950000000000000000e+03 2.934043877999999913e-06
7.945000000000000000e+03 1.836504524999999911e-06
7.940000000000000000e+03 1.190998663999999929e-06
7.935000000000000000e+03 1.187359303000000131e-06
7.930000000000000000e+03 7.770000000000000358e-07
7.925000000000000000e+03 2.425177808999999955e-06
7.920000000000000000e+03 2.205364144000000047e-06
7.915000000000000000e+03 1.182952473999999910e-06
7.910000000000000000e+03 4.017869359999999920e-06
7.905000000000000000e+03 -1.044156742999999992e-06
7.900000000000000000e+03 2.141132718000000022e-06
7.895000000000000000e+03 2.215774001999999954e-06
7.890000000000000000e+03 1.277187111999999864e-06
7.885000000000000000e+03 9.579999999999999757e-07
7.880000000000000000e+03 2.870325407000000227e-06
7.875000000000000000e+03 1.721992303000000125e-06
7.870000000000000000e+03 1.754030091000000056e-06
7.865000000000000000e+03 1.903463126000000142e-06
7.860000000000000000e+03 2.633256662999999869e-06
7.855000000000000000e+03 1.690000000000000178e-07
7.850000000000000000e+03 2.128619088999999936e-06
7.845000000000000000e+03 1.789136439999999995e-06
7.840000000000000000e+03 1.024453667999999957e-06
7.835000000000000000e+03 1.824455102999999938e-06
7.830000000000000000e+03 2.373298921000000006e-06
7.825000000000000000e+03 1.254495874000000085e-06
7.820000000000000000e+03 1.375039282999999844e-06
7.815000000000000000e+03 4.258550762000000091e-06
7.810000000000000000e+03 1.105232514000000018e-06
7.805000000000000000e+03 1.935356558999999787e-06
7.800000000000000000e+03 3.082565963000000233e-06
7.795000000000000000e+03 4.730664949999999570e-06
7.790000000000000000e+03 9.590000000000000508e-07
7.785000000000000000e+03 1.663174770999999873e-06
7.780000000000000000e+03 2.348137349999999765e-06
7.775000000000000000e+03 1.167833179000000040e-06
7.770000000000000000e+03 3.287939471000000033e-06
7.765000000000000000e+03 4.313665558999999990e-06
7.760000000000000000e+03 2.142349986000000071e-06
7.755000000000000000e+03 3.432187367999999853e-06
7.750000000000000000e+03 1.651508501000000012e-06
7.745000000000000000e+03 3.266830462999999864e-06
7.740000000000000000e+03 2.250300894999999832e-06
7.735000000000000000e+03 1.119837034000000147e-06
7.730000000000000000e+03 2.277846505999999957e-06
7.725000000000000000e+03 3.818669064999999448e-06
7.720000000000000000e+03 4.500000000000000326e-07
7.715000000000000000e+03 1.053597806999999944e-06
7.710000000000000000e+03 2.056355734000000061e-06
7.705000000000000000e+03 2.035666548000000041e-06
7.700000000000000000e+03 2.457499213000000192e-06
7.695000000000000000e+03 3.470000000000000235e-07
7.690000000000000000e+03 1.150722454999999876e-06
7.685000000000000000e+03 2.267956443000000214e-06
7.680000000000000000e+03 2.416372153999999850e-06
7.675000000000000000e+03 4.998605582000000012e-06
7.670000000000000000e+03 8.369999999999999907e-07
7.665000000000000000e+03 1.932886953000000162e-06
7.660000000000000000e+03 1.105093615000000042e-06
7.655000000000000000e+03 2.369083230999999739e-06
7.650000000000000000e+03 8.479999999999999701e-07
7.645000000000000000e+03 2.858324733000000057e-06
7.640000000000000000e+03 4.490000000000000104e-07
7.635000000000000000e+03 1.317399001000000166e-06
7.630000000000000000e+03 1.491155126000000074e-06
7.625000000000000000e+03 1.986899441999999866e-06
7.620000000000000000e+03 3.786866437000000232e-06
7.615000000000000000e+03 -2.606374619000000091e-06
7.610000000000000000e+03 1.764575280999999812e-06
7.605000000000000000e+03 2.252039849000000234e-06
7.600000000000000000e+03 1.020540803000000112e-06
7.595000000000000000e+03 1.037622714999999945e-06
7.590000000000000000e+03 1.595626090000000006e-06
7.585000000000000000e+03 1.261834550000000111e-06
7.580000000000000000e+03 6.139999999999999659e-07
7.575000000000000000e+03 2.950318739999999735e-06
7.570000000000000000e+03 1.541208185000000108e-06
7.565000000000000000e+03 1.789613889000000074e-06
7.560000000000000000e+03 3.291067841999999737e-06
7.555000000000000000e+03 2.984180172999999706e-06
7.550000000000000000e+03 3.114861029000000431e-06
7.545000000000000000e+03 3.024646138999999992e-06
7.540000000000000000e+03 2.424679841999999775e-06
7.535000000000000000e+03 3.304440761000000023e-06
7.530000000000000000e+03 4.630000000000000034e-07
7.525000000000000000e+03 2.488212775999999923e-06
7.520000000000000000e+03 2.188736107000000116e-06
7.515000000000000000e+03 1.691335638000000115e-06
7.510000000000000000e+03 2.969961206000000034e-06
7.505000000000000000e+03 3.297751537000000281e-06
7.500000000000000000e+03 2.684914216000000231e-06
7.495000000000000000e+03 2.803950920000000437e-06
7.490000000000000000e+03 4.373127594999999942e-06
7.485000000000000000e+03 1.637497044000000069e-06
7.480000000000000000e+03 1.423634676000000230e-06
7.475000000000000000e+03 1.866808451999999810e-06
7.470000000000000000e+03 3.267872670999999735e-06
7.465000000000000000e+03 3.564688668000000336e-06
7.460000000000000000e+03 3.361610869999999970e-06
7.455000000000000000e+03 3.500694583999999624e-06
7.450000000000000000e+03 3.679517540000000191e-06
7.445000000000000000e+03 4.836646548999999759e-06
7.440000000000000000e+03 8.190000000000000148e-07
7.435000000000000000e+03 3.020409495000000159e-06
7.430000000000000000e+03 4.531431477999999557e-06
7.425000000000000000e+03 3.631554137000000062e-06
7.420000000000000000e+03 3.454946854999999978e-06
7.415000000000000000e+03 4.433451394999999963e-06
7.410000000000000000e+03 2.276940650000000034e-06
7.405000000000000000e+03 2.249943062999999877e-06
7.400000000000000000e+03 4.530968436000000600e-06
7.395000000000000000e+03 9.490000000000000407e-07
7.390000000000000000e+03 2.660959725999999826e-06
7.385000000000000000e+03 1.925090618999999957e-06
7.380000000000000000e+03 -4.269999999999999987e-07
7.375000000000000000e+03 4.650665795999999381e-06
7.370000000000000000e+03 2.201982424999999931e-06
7.365000000000000000e+03 2.128033374999999833e-06
7.360000000000000000e+03 4.375474526999999472e-06
7.355000000000000000e+03 -1.690000000000000178e-07
7.350000000000000000e+03 1.539426885000000044e-06
7.345000000000000000e+03 2.221142203999999997e-06
7.340000000000000000e+03 7.570000000000000155e-07
7.335000000000000000e+03 3.495970741000000130e-06
7.330000000000000000e+03 3.789795736999999797e-06
7.325000000000000000e+03 2.502946007999999815e-06
7.320000000000000000e+03 5.466561415000000635e-06
7.315000000000000000e+03 1.459105696999999949e-06
7.310000000000000000e+03 5.128239864000000063e-06
7.305000000000000000e+03 5.398114445000000661e-06
7.300000000000000000e+03 4.141159587999999782e-06
7.295000000000000000e+03 5.562977749000000425e-06
7.290000000000000000e+03 3.958495217000000209e-06
7.285000000000000000e+03 4.620447870999999535e-06
7.280000000000000000e+03 6.831173669000000012e-06
7.275000000000000000e+03 6.094478303999999912e-06
7.270000000000000000e+03 5.736303283000000614e-06
7.265000000000000000e+03 6.472351960999999766e-06
7.260000000000000000e+03 7.869646652000000252e-06
7.255000000000000000e+03 7.560955710000000601e-06
7.250000000000000000e+03 8.769762935000000205e-06
7.245000000000000000e+03 9.826623135999999295e-06
7.240000000000000000e+03 1.140365377000000041e-05
7.235000000000000000e+03 6.914490949999999183e-06
7.230000000000000000e+03 1.166744041000000014e-05
7.225000000000000000e+03 1.275518442999999993e-05
7.220000000000000000e+03 1.095928600999999842e-05
7.215000000000000000e+03 1.351007144000000105e-05
7.210000000000000000e+03 1.357722561999999870e-05
7.205000000000000000e+03 1.560405129999999934e-05
7.200000000000000000e+03 1.966108101999999817e-05
7.195000000000000000e+03 1.657961402000000093e-05
7.190000000000000000e+03 1.908958772999999948e-05
7.185000000000000000e+03 1.946411560999999936e-05
7.180000000000000000e+03 2.210603560999999998e-05
7.175000000000000000e+03 2.504451665999999954e-05
7.170000000000000000e+03 2.601053099999999920e-05
7.165000000000000000e+03 2.673699521000000103e-05
7.160000000000000000e+03 3.230882808999999638e-05
7.155000000000000000e+03 3.255308838999999545e-05
7.150000000000000000e+03 3.669542726000000381e-05
7.145000000000000000e+03 4.336082376999999280e-05
7.140000000000000000e+03 4.670904018000000254e-05
7.135000000000000000e+03 5.190607625999999744e-05
7.130000000000000000e+03 5.585284438000000213e-05
7.125000000000000000e+03 6.383520085000000369e-05
7.120000000000000000e+03 6.872568280000000197e-05
7.115000000000000000e+03 8.099622093000001099e-05
7.110000000000000000e+03 9.230666794000000190e-05
7.105000000000000000e+03 1.041051187000000043e-04
7.100000000000000000e+03 1.167867890999999995e-04
7.095000000000000000e+03 1.302830036999999953e-04
7.090000000000000000e+03 1.530859433000000033e-04
7.085000000000000000e+03 1.726354659000000063e-04
7.080000000000000000e+03 1.958725415000000158e-04
7.075000000000000000e+03 2.284905501000000056e-04
7.070000000000000000e+03 2.596774697000000186e-04
7.065000000000000000e+03 3.065834753000000164e-04
7.060000000000000000e+03 3.548891470000000055e-04
7.055000000000000000e+03 4.133049025999999755e-04
7.050000000000000000e+03 4.845398291999999810e-04
7.045000000000000000e+03 5.666827783000000706e-04
7.040000000000000000e+03 6.679081916999999929e-04
7.035000000000000000e+03 7.920163869999999589e-04
7.030000000000000000e+03 9.386534989000001016e-04
7.025000000000000000e+03 1.119387299000000006e-03
7.020000000000000000e+03 1.340156942999999818e-03
7.015000000000000000e+03 1.605464666999999960e-03
7.010000000000000000e+03 1.933475435000000034e-03
7.005000000000000000e+03 2.333190589999999988e-03
7.000000000000000000e+03 2.836997807000000201e-03
6.995000000000000000e+03 3.448407948000000237e-03
6.990000000000000000e+03 4.201542138999999829e-03
6.985000000000000000e+03 5.169911981000000108e-03
6.980000000000000000e+03 6.349561809999999459e-03
6.975000000000000000e+03 7.845783830000001291e-03
6.970000000000000000e+03 9.738537668999999730e-03
6.965000000000000000e+03 1.210171579999999927e-02
6.960000000000000000e+03 1.512662411000000040e-02
6.955000000000000000e+03 1.892912030000000120e-02
6.950000000000000000e+03 2.388492106999999878e-02
6.945000000000000000e+03 3.008851766999999858e-02
6.940000000000000000e+03 3.802127838000000232e-02
6.935000000000000000e+03 4.847291470000000130e-02
6.930000000000000000e+03 6.155560969999999965e-02
6.925000000000000000e+03 7.833034514999999420e-02
6.920000000000000000e+03 1.001428795000000038e-01
6.915000000000000000e+03 1.273426723000000149e-01
6.910000000000000000e+03 1.616991043000000072e-01
6.905000000000000000e+03 2.043349074999999959e-01
6.900000000000000000e+03 2.561222838999999696e-01
6.895000000000000000e+03 3.174981117000000297e-01
6.890000000000000000e+03 3.873150634999999453e-01
6.885000000000000000e+03 4.660108566000000230e-01
6.880000000000000000e+03 5.475643157999999788e-01
6.875000000000000000e+03 6.288314056000000596e-01
6.870000000000000000e+03 7.089517974999999250e-01
6.865000000000000000e+03 7.792330169999999168e-01
6.860000000000000000e+03 8.395059967000000345e-01
6.855000000000000000e+03 8.880163573999999560e-01
6.850000000000000000e+03 9.239982605000000015e-01
6.845000000000000000e+03 9.496707153000000234e-01
6.840000000000000000e+03 9.665025329999999970e-01
6.835000000000000000e+03 9.768012238000000069e-01
6.830000000000000000e+03 9.825943755999999585e-01
6.825000000000000000e+03 9.855175780999999580e-01
6.820000000000000000e+03 9.868194579999999272e-01
6.815000000000000000e+03 9.872286223999999777e-01
6.810000000000000000e+03 9.874467467999999970e-01
6.805000000000000000e+03 9.877671813999999717e-01
6.800000000000000000e+03 9.883954620000000579e-01
6.795000000000000000e+03 9.887553406000000322e-01
6.790000000000000000e+03 9.891185760000000826e-01
6.785000000000000000e+03 9.897118378000000494e-01
6.780000000000000000e+03 9.901885222999999847e-01
6.775000000000000000e+03 9.905272675000000859e-01
6.770000000000000000e+03 9.910395049999999317e-01
6.765000000000000000e+03 9.907653046000000074e-01
6.760000000000000000e+03 9.904780578999999863e-01
6.755000000000000000e+03 9.899978637999999886e-01
6.750000000000000000e+03 9.895127106000000117e-01
6.745000000000000000e+03 9.889457702999999711e-01
6.740000000000000000e+03 9.884607696999999638e-01
6.735000000000000000e+03 9.880715179000000292e-01
6.730000000000000000e+03 9.876801299999999895e-01
6.725000000000000000e+03 9.876805115000000246e-01
6.720000000000000000e+03 9.878014374000000375e-01
6.715000000000000000e+03 9.881042480000000738e-01
6.710000000000000000e+03 9.888938903999999752e-01
6.705000000000000000e+03 9.891938018999999471e-01
6.700000000000000000e+03 9.898194884999998999e-01
6.695000000000000000e+03 9.905528259000000446e-01
6.690000000000000000e+03 9.913016510000000059e-01
6.685000000000000000e+03 9.920566558999999174e-01
6.680000000000000000e+03 9.927715301999999742e-01
6.675000000000000000e+03 9.931134032999999750e-01
6.670000000000000000e+03 9.935986327999999368e-01
6.665000000000000000e+03 9.937957000999999568e-01
6.660000000000000000e+03 9.938565825999999825e-01
6.655000000000000000e+03 9.936393738000000031e-01
6.650000000000000000e+03 9.933400726000001235e-01
6.645000000000000000e+03 9.928668976000000201e-01
6.640000000000000000e+03 9.923117065000000014e-01
6.635000000000000000e+03 9.918151855000000294e-01
6.630000000000000000e+03 9.911769866999999845e-01
6.625000000000000000e+03 9.906108855999999907e-01
6.620000000000000000e+03 9.900578307999999828e-01
6.615000000000000000e+03 9.895709229000000384e-01
6.610000000000000000e+03 9.890663910000000447e-01
6.605000000000000000e+03 9.888655853000000162e-01
6.600000000000000000e+03 9.887001800999999368e-01
6.595000000000000000e+03 9.885232543999999955e-01
6.590000000000000000e+03 9.884688567999999620e-01
6.585000000000000000e+03 9.885124207000000052e-01
6.580000000000000000e+03 9.884397124999999562e-01
6.575000000000000000e+03 9.885732269000000461e-01
6.570000000000000000e+03 9.885272980000000542e-01
6.565000000000000000e+03 9.888362121999999532e-01
6.560000000000000000e+03 9.885504149999999601e-01
6.555000000000000000e+03 9.883508301000000218e-01
6.550000000000000000e+03 9.881978607000000414e-01
6.545000000000000000e+03 9.880923461999999713e-01
6.540000000000000000e+03 9.879725646999999444e-01
6.535000000000000000e+03 9.877915192000000788e-01
6.530000000000000000e+03 9.877437592000000155e-01
6.525000000000000000e+03 9.877288054999999733e-01
6.520000000000000000e+03 9.878313445999999942e-01
6.515000000000000000e+03 9.880373382999999565e-01
6.510000000000000000e+03 9.883686829000000174e-01
6.505000000000000000e+03 9.887756348000000806e-01
6.500000000000000000e+03 9.892732239000000538e-01
6.495000000000000000e+03 9.898783111999999162e-01
6.490000000000000000e+03 9.910424042000000044e-01
6.485000000000000000e+03 9.918752289000000166e-01
6.480000000000000000e+03 9.924787902999999689e-01
6.475000000000000000e+03 9.930544280999999973e-01
6.470000000000000000e+03 9.932685852000000537e-01
6.465000000000000000e+03 9.935013580000000566e-01
6.460000000000000000e+03 9.937910461000000195e-01
6.455000000000000000e+03 9.939955138999999606e-01
6.450000000000000000e+03 9.938516235000000032e-01
6.445000000000000000e+03 9.935157012999999981e-01
6.440000000000000000e+03 9.931262969999999912e-01
6.435000000000000000e+03 9.927742766999999580e-01
6.430000000000000000e+03 9.922509766000000564e-01
6.425000000000000000e+03 9.917599486999999492e-01
6.420000000000000000e+03 9.911323547000000511e-01
6.415000000000000000e+03 9.907299041999999556e-01
6.410000000000000000e+03 9.904312133999999546e-01
6.405000000000000000e+03 9.902308655000000570e-01
6.400000000000000000e+03 9.903083800999999964e-01
6.395000000000000000e+03 9.904938506999999559e-01
6.390000000000000000e+03 9.907909392999999509e-01
6.385000000000000000e+03 9.912882233000001042e-01
6.380000000000000000e+03 9.916882323999999249e-01
6.375000000000000000e+03 9.922773743000000701e-01
6.370000000000000000e+03 9.927971649000000287e-01
6.365000000000000000e+03 9.933021544999999231e-01
6.360000000000000000e+03 9.935800170999999903e-01
6.355000000000000000e+03 9.938875579999999488e-01
6.350000000000000000e+03 9.938887024000000459e-01
6.345000000000000000e+03 9.936674499999998966e-01
6.340000000000000000e+03 9.933999634000000301e-01
6.335000000000000000e+03 9.929228209999999555e-01
6.330000000000000000e+03 9.922738647000000078e-01
6.325000000000000000e+03 9.916426848999999599e-01
6.320000000000000000e+03 9.909599303999999664e-01
6.315000000000000000e+03 9.902716064000000040e-01
6.310000000000000000e+03 9.898159026999999721e-01
6.305000000000000000e+03 9.893643950999999603e-01
6.300000000000000000e+03 9.891271973000000939e-01
6.295000000000000000e+03 9.890424346999999727e-01
6.290000000000000000e+03 9.892347716999999596e-01
6.285000000000000000e+03 9.896091461000000589e-01
6.280000000000000000e+03 9.901154327000000199e-01
6.275000000000000000e+03 9.906977080999999075e-01
6.270000000000000000e+03 9.913991547000000626e-01
6.265000000000000000e+03 9.920332335999999529e-01
6.260000000000000000e+03 9.926113891999999161e-01
6.255000000000000000e+03 9.931340027000000736e-01
6.250000000000000000e+03 9.934577942000000217e-01
6.245000000000000000e+03 9.935271453999999780e-01
6.240000000000000000e+03 9.936689758000000205e-01
6.235000000000000000e+03 9.933178710999999161e-01
6.230000000000000000e+03 9.929577636999999957e-01
6.225000000000000000e+03 9.925389862000000285e-01
6.220000000000000000e+03 9.920835875999999276e-01
6.215000000000000000e+03 9.915899657999999173e-01
6.210000000000000000e+03 9.912759398999999583e-01
6.205000000000000000e+03 9.914587401999999106e-01
6.200000000000000000e+03 9.910504150000000179e-01
6.195000000000000000e+03 9.909808350000000043e-01
6.190000000000000000e+03 9.912655639999999879e-01
6.185000000000000000e+03 9.916059112999999758e-01
6.180000000000000000e+03 9.921477509000000694e-01
6.175000000000000000e+03 9.927148438000000796e-01
6.170000000000000000e+03 9.931259918000000519e-01
6.165000000000000000e+03 9.935241698999999205e-01
6.160000000000000000e+03 9.937590027000000603e-01
6.155000000000000000e+03 9.938108062999999603e-01
6.150000000000000000e+03 9.937928771999999800e-01
6.145000000000000000e+03 9.932646178999999798e-01
6.140000000000000000e+03 9.926222229000000175e-01
6.135000000000000000e+03 9.917701721000000692e-01
6.130000000000000000e+03 9.908718108999999830e-01
6.125000000000000000e+03 9.899222564999999863e-01
6.120000000000000000e+03 9.890116881999999610e-01
6.115000000000000000e+03 9.882353209999998889e-01
6.110000000000000000e+03 9.875339508000000599e-01
6.105000000000000000e+03 9.872476195999999593e-01
6.100000000000000000e+03 9.871061706999999519e-01
6.095000000000000000e+03 9.873439025999999341e-01
6.090000000000000000e+03 9.878939056000000107e-01
6.085000000000000000e+03 9.885924529999999821e-01
6.080000000000000000e+03 9.892945862000001034e-01
6.075000000000000000e+03 9.902848052999999595e-01
6.070000000000000000e+03 9.911927794999999541e-01
6.065000000000000000e+03 9.918630980999999514e-01
6.060000000000000000e+03 9.926042175000000523e-01
6.055000000000000000e+03 9.929874419999999979e-01
6.050000000000000000e+03 9.930222320999999575e-01
6.045000000000000000e+03 9.928945160000001158e-01
6.040000000000000000e+03 9.925585937999999997e-01
6.035000000000000000e+03 9.919921111999999708e-01
6.030000000000000000e+03 9.912977600000000278e-01
6.025000000000000000e+03 9.907828521999999527e-01
6.020000000000000000e+03 9.900983428999999836e-01
6.015000000000000000e+03 9.896975707999999816e-01
6.010000000000000000e+03 9.893400574000000836e-01
6.005000000000000000e+03 9.892797088999999433e-01
6.000000000000000000e+03 9.896128844999999563e-01
5.995000000000000000e+03 9.899717712000000169e-01
5.990000000000000000e+03 9.905041504000000607e-01
5.985000000000000000e+03 9.912303162000000167e-01
5.980000000000000000e+03 9.918518829000000370e-01
5.975000000000000000e+03 9.923980713000000176e-01
5.970000000000000000e+03 9.927283477999999661e-01
5.965000000000000000e+03 9.928976439999999126e-01
5.960000000000000000e+03 9.926561737000000329e-01
5.955000000000000000e+03 9.921601105000000809e-01
5.950000000000000000e+03 9.915481567000000718e-01
5.945000000000000000e+03 9.905779265999999916e-01
5.940000000000000000e+03 9.894608307000000158e-01
5.935000000000000000e+03 9.882641601999999637e-01
5.930000000000000000e+03 9.873188018999999871e-01
5.925000000000000000e+03 9.864137268000000569e-01
5.920000000000000000e+03 9.859316253999999002e-01
5.915000000000000000e+03 9.855566406000000335e-01
5.910000000000000000e+03 9.857122040000000363e-01
5.905000000000000000e+03 9.862415314000000377e-01
5.900000000000000000e+03 9.870372009000000224e-01
5.895000000000000000e+03 9.881280517999999624e-01
5.890000000000000000e+03 9.892113495000000034e-01
5.885000000000000000e+03 9.904969024999999982e-01
5.880000000000000000e+03 9.915332794000000227e-01
5.875000000000000000e+03 9.924148560000000119e-01
5.870000000000000000e+03 9.926441192999999608e-01
5.865000000000000000e+03 9.929772948999999738e-01
5.860000000000000000e+03 9.927642059000000296e-01
5.855000000000000000e+03 9.921762084999999898e-01
5.850000000000000000e+03 9.913504027999999746e-01
5.845000000000000000e+03 9.904040526999999816e-01
5.840000000000000000e+03 9.892245483000000617e-01
5.835000000000000000e+03 9.883773041000000203e-01
5.830000000000000000e+03 9.875772858000000376e-01
5.825000000000000000e+03 9.869489287999999583e-01
5.820000000000000000e+03 9.868041992000000651e-01
5.815000000000000000e+03 9.868688201999999965e-01
5.810000000000000000e+03 9.874153137000000191e-01
5.805000000000000000e+03 9.878678893999999211e-01
5.800000000000000000e+03 9.887050628999999313e-01
5.795000000000000000e+03 9.895275879000000607e-01
5.790000000000000000e+03 9.903432465000000517e-01
5.785000000000000000e+03 9.911638641000000138e-01
5.780000000000000000e+03 9.916971587999999782e-01
5.775000000000000000e+03 9.918881226000000328e-01
5.770000000000000000e+03 9.919900513000000641e-01
5.765000000000000000e+03 9.918620300000000611e-01
5.760000000000000000e+03 9.915504455999999411e-01
5.755000000000000000e+03 9.911339569000000571e-01
5.750000000000000000e+03 9.906405640000000012e-01
5.745000000000000000e+03 9.907100676999999189e-01
5.740000000000000000e+03 9.902490233999999836e-01
5.735000000000000000e+03 9.901138306000000222e-01
5.730000000000000000e+03 9.901414490000000068e-01
5.725000000000000000e+03 9.904005431999999276e-01
5.720000000000000000e+03 9.906634520999999527e-01
5.715000000000000000e+03 9.915746307000000703e-01
5.710000000000000000e+03 9.916730499000000476e-01
5.705000000000000000e+03 9.917860412999999209e-01
5.700000000000000000e+03 9.919379425000000028e-01
5.695000000000000000e+03 9.917803954999999672e-01
5.690000000000000000e+03 9.917253875999999524e-01
5.685000000000000000e+03 9.913577271000000302e-01
5.680000000000000000e+03 9.910037230999999558e-01
5.675000000000000000e+03 9.905802916999999486e-01
5.670000000000000000e+03 9.904274750000000571e-01
5.665000000000000000e+03 9.903361510999999506e-01
5.660000000000000000e+03 9.903507233000000687e-01
5.655000000000000000e+03 9.905693053999999886e-01
5.650000000000000000e+03 9.909176635999998872e-01
5.645000000000000000e+03 9.913191985999999511e-01
5.640000000000000000e+03 9.915882874000000458e-01
5.635000000000000000e+03 9.917703247000000388e-01
5.630000000000000000e+03 9.917458344000000814e-01
5.625000000000000000e+03 9.913824463000000531e-01
5.620000000000000000e+03 9.906439971999999594e-01
5.615000000000000000e+03 9.897061156999999998e-01
5.610000000000000000e+03 9.882637024000000547e-01
5.605000000000000000e+03 9.867707824999999433e-01
5.600000000000000000e+03 9.854301452999999489e-01
5.595000000000000000e+03 9.843544006000000124e-01
5.590000000000000000e+03 9.837496185000000892e-01
5.585000000000000000e+03 9.834553527999999600e-01
5.580000000000000000e+03 9.839460754000000087e-01
5.575000000000000000e+03 9.849874878000000056e-01
5.570000000000000000e+03 9.866229248000000229e-01
5.565000000000000000e+03 9.883128356999999475e-01
5.560000000000000000e+03 9.895829772999999996e-01
5.555000000000000000e+03 9.891601563000000930e-01
5.550000000000000000e+03 9.851729584000000761e-01
5.545000000000000000e+03 9.748760222999999225e-01
5.540000000000000000e+03 9.546047210999999422e-01
5.535000000000000000e+03 9.206966400000000661e-01
5.530000000000000000e+03 8.697449493000000142e-01
5.525000000000000000e+03 8.013198089999999940e-01
5.520000000000000000e+03 7.175066375999999968e-01
5.515000000000000000e+03 6.193034743999999980e-01
5.510000000000000000e+03 5.197855758999999631e-01
5.505000000000000000e+03 4.234143447999999532e-01
5.500000000000000000e+03 3.341956328999999837e-01
5.495000000000000000e+03 2.599120140000000245e-01
5.490000000000000000e+03 1.993716430999999956e-01
5.485000000000000000e+03 1.519052791999999930e-01
5.480000000000000000e+03 1.160208702000000147e-01
5.475000000000000000e+03 8.876683234999999117e-02
5.470000000000000000e+03 6.859723567999999327e-02
5.465000000000000000e+03 5.318221092000000039e-02
5.460000000000000000e+03 4.173015118000000107e-02
5.455000000000000000e+03 3.298820972000000157e-02
5.450000000000000000e+03 2.601515769999999950e-02
5.445000000000000000e+03 2.072032212999999970e-02
5.440000000000000000e+03 1.650564193999999943e-02
5.435000000000000000e+03 1.306111216999999991e-02
5.430000000000000000e+03 1.033917068999999980e-02
5.425000000000000000e+03 8.121513127999999831e-03
5.420000000000000000e+03 6.347559689999999859e-03
5.415000000000000000e+03 4.929682611999999624e-03
5.410000000000000000e+03 3.808674812000000399e-03
5.405000000000000000e+03 2.939127684000000448e-03
5.400000000000000000e+03 2.254304885999999872e-03
5.395000000000000000e+03 1.742541938999999946e-03
5.390000000000000000e+03 1.355907023000000071e-03
5.385000000000000000e+03 1.052218153999999982e-03
5.380000000000000000e+03 8.324035256999999218e-04
5.375000000000000000e+03 6.660115719000000035e-04
5.370000000000000000e+03 5.321653932000000370e-04
5.365000000000000000e+03 4.334177077000000164e-04
5.360000000000000000e+03 3.590937704000000323e-04
5.355000000000000000e+03 3.021544777000000070e-04
5.350000000000000000e+03 2.571082488000000035e-04
5.345000000000000000e+03 2.252976409999999947e-04
5.340000000000000000e+03 1.969411409999999893e-04
5.335000000000000000e+03 1.756019144999999794e-04
5.330000000000000000e+03 1.595058850999999907e-04
5.325000000000000000e+03 1.441637613000000052e-04
5.320000000000000000e+03 1.339753252000000028e-04
5.315000000000000000e+03 1.230047178000000111e-04
5.310000000000000000e+03 1.144170853999999912e-04
5.305000000000000000e+03 1.016967837000000067e-04
5.300000000000000000e+03 9.226161986999999122e-05
5.295000000000000000e+03 8.336542174000000451e-05
5.290000000000000000e+03 7.129133212999999483e-05
5.285000000000000000e+03 5.993688478999999793e-05
5.280000000000000000e+03 5.136780906000000334e-05
5.275000000000000000e+03 4.296007565999999570e-05
5.270000000000000000e+03 3.550339956000000394e-05
5.265000000000000000e+03 2.737530041000000157e-05
5.260000000000000000e+03 2.107888226999999847e-05
5.255000000000000000e+03 1.989752753000000190e-05
5.250000000000000000e+03 1.768617774000000116e-05
5.245000000000000000e+03 1.284223516000000011e-05
5.240000000000000000e+03 1.325161778000000001e-05
5.235000000000000000e+03 9.998447495000000720e-06
5.230000000000000000e+03 9.809026959999998292e-06
5.225000000000000000e+03 9.605775703999999536e-06
5.220000000000000000e+03 7.163616829000000282e-06
5.215000000000000000e+03 7.515952457000000348e-06
5.210000000000000000e+03 8.649016381000000563e-06
5.205000000000000000e+03 7.530184812000000728e-06
5.200000000000000000e+03 7.125890114999999648e-06
5.195000000000000000e+03 1.008548540999999879e-05
5.190000000000000000e+03 6.914927507999999901e-06
5.185000000000000000e+03 7.696219836000000488e-06
5.180000000000000000e+03 7.559023215000000849e-06
5.175000000000000000e+03 5.910585168999999670e-06
5.170000000000000000e+03 7.056631730000000028e-06
5.165000000000000000e+03 6.937373546000000239e-06
5.160000000000000000e+03 6.647888803999999956e-06
5.155000000000000000e+03 8.336068131000000234e-06
5.150000000000000000e+03 5.581087315999999961e-06
5.145000000000000000e+03 6.845596363000000619e-06
5.140000000000000000e+03 6.553250132000000374e-06
5.135000000000000000e+03 4.891641437999999644e-06
5.130000000000000000e+03 5.908748716999999442e-06
5.125000000000000000e+03 5.224552005999999674e-06
5.120000000000000000e+03 4.949518478999999591e-06
5.115000000000000000e+03 7.666768505999999909e-06
5.110000000000000000e+03 5.968522163999999199e-06
5.105000000000000000e+03 4.250111815000000375e-06
5.100000000000000000e+03 5.313255241999999654e-06
5.095000000000000000e+03 6.519249290999999533e-06
5.090000000000000000e+03 5.885047139999999882e-06
5.085000000000000000e+03 3.252358000999999989e-06
5.080000000000000000e+03 3.846655599999999824e-06
5.075000000000000000e+03 4.390093089999999826e-06
5.070000000000000000e+03 5.157145788000000642e-06
5.065000000000000000e+03 4.750568186999999784e-06
5.060000000000000000e+03 4.226523160000000263e-06
5.055000000000000000e+03 5.715669249000000757e-06
5.050000000000000000e+03 5.377866327999999617e-06
5.045000000000000000e+03 4.709061467999999927e-06
5.040000000000000000e+03 3.712185716999999971e-06
5.035000000000000000e+03 5.646006902999999126e-06
5.030000000000000000e+03 5.557581898999999615e-06
5.025000000000000000e+03 3.876161353999999619e-06
5.020000000000000000e+03 5.962788126999999710e-06
5.015000000000000000e+03 2.591250813999999743e-06
5.010000000000000000e+03 3.804285370000000232e-06
5.005000000000000000e+03 5.260314792000000566e-06
5.000000000000000000e+03 2.720738412000000059e-06
4.995000000000000000e+03 5.718221655000000042e-06
4.990000000000000000e+03 4.971260204999999692e-06
4.985000000000000000e+03 2.565410977999999836e-06
4.980000000000000000e+03 4.447023384000000066e-06
4.975000000000000000e+03 4.464361990999999852e-06
4.970000000000000000e+03 2.391556627000000003e-06
4.965000000000000000e+03 2.867832955000000103e-06
4.960000000000000000e+03 4.868911346000000377e-06
4.955000000000000000e+03 3.473842807999999952e-06
4.950000000000000000e+03 3.402497677999999869e-06
4.945000000000000000e+03 5.111615173999999674e-06
4.940000000000000000e+03 4.766502243000000638e-06
4.935000000000000000e+03 2.156543632999999798e-06
4.930000000000000000e+03 5.124917952000000586e-06
4.925000000000000000e+03 3.672421153000000164e-06
4.920000000000000000e+03 2.402125392000000044e-06
4.915000000000000000e+03 4.061066138000000583e-06
4.910000000000000000e+03 5.088587058999999615e-06
4.905000000000000000e+03 5.999331478999999834e-06
4.900000000000000000e+03 6.606429815000000233e-06
4.895000000000000000e+03 6.367506575999999736e-06
4.890000000000000000e+03 4.027188988000000457e-06
4.885000000000000000e+03 4.423335777000000148e-06
4.880000000000000000e+03 5.747241084000000172e-06
4.875000000000000000e+03 3.224171523000000123e-06
4.870000000000000000e+03 5.652673425999999212e-06
4.865000000000000000e+03 2.126952895000000043e-06
4.860000000000000000e+03 3.562732018000000101e-06
4.855000000000000000e+03 5.852500325999999994e-06
4.850000000000000000e+03 6.394012598000000278e-06
4.845000000000000000e+03 2.814912294999999747e-06
4.840000000000000000e+03 4.121442033999999846e-06
4.835000000000000000e+03 4.040394269000000594e-06
4.830000000000000000e+03 5.959158297999999761e-06
4.825000000000000000e+03 2.298190956999999992e-06
4.820000000000000000e+03 4.206055601000000465e-06
4.815000000000000000e+03 5.178849095999999661e-06
4.810000000000000000e+03 5.003668484000000501e-06
4.805000000000000000e+03 4.069551651000000022e-06
4.800000000000000000e+03 4.527804266999999576e-06
4.795000000000000000e+03 4.180687537999999953e-06
4.790000000000000000e+03 5.118647241000000162e-06
4.785000000000000000e+03 3.294963681000000077e-06
4.780000000000000000e+03 3.106153453999999934e-06
4.775000000000000000e+03 3.974242718000000162e-06
4.770000000000000000e+03 4.560438683000000237e-06
4.765000000000000000e+03 4.095491604000000466e-06
4.760000000000000000e+03 4.042880900999999935e-06
4.755000000000000000e+03 5.839624209000000004e-06
4.750000000000000000e+03 5.324429366999999702e-06
4.745000000000000000e+03 6.558889871999999685e-06
4.740000000000000000e+03 3.076171270000000474e-06
4.735000000000000000e+03 5.150032230000000055e-06
4.730000000000000000e+03 6.380616686999999598e-06
4.725000000000000000e+03 2.193211257999999994e-06
4.720000000000000000e+03 5.062071722999999379e-06
4.715000000000000000e+03 4.385317443000000032e-06
4.710000000000000000e+03 2.651266987000000131e-06
4.705000000000000000e+03 4.847636736999999720e-06
4.700000000000000000e+03 5.760861094999999350e-06
4.695000000000000000e+03 3.546869848000000186e-06
4.690000000000000000e+03 3.808742912999999765e-06
4.685000000000000000e+03 4.087604756999999833e-06
4.680000000000000000e+03 1.710819924000000058e-06
4.675000000000000000e+03 2.967591281000000213e-06
4.670000000000000000e+03 5.020272220000000477e-06
4.665000000000000000e+03 3.920994350000000282e-06
4.660000000000000000e+03 2.050033071999999968e-06
4.655000000000000000e+03 4.516009066999999584e-06
4.650000000000000000e+03 6.453990935999999687e-06
4.645000000000000000e+03 4.593679331999999731e-06
4.640000000000000000e+03 5.077007808999999687e-06
4.635000000000000000e+03 2.363614622000000011e-06
4.630000000000000000e+03 5.065809818999999996e-06
4.625000000000000000e+03 3.015026449999999953e-06
4.620000000000000000e+03 2.497845852999999823e-06
4.615000000000000000e+03 4.491114814000000667e-06
4.610000000000000000e+03 3.959654714000000229e-06
4.605000000000000000e+03 4.015418526000000205e-06
4.600000000000000000e+03 3.731732139999999900e-06
4.595000000000000000e+03 4.943843815000000224e-06
4.590000000000000000e+03 3.347528400000000243e-06
4.585000000000000000e+03 5.126616451999999296e-06
4.580000000000000000e+03 4.619410029000000042e-06
4.575000000000000000e+03 3.147032111999999704e-06
4.570000000000000000e+03 8.682330954000000130e-06
4.565000000000000000e+03 3.394882368999999775e-06
4.560000000000000000e+03 3.712963371000000075e-06
4.555000000000000000e+03 4.980359225999999895e-06
4.550000000000000000e+03 4.418486786999999742e-06
4.545000000000000000e+03 6.930883391999999891e-06
4.540000000000000000e+03 4.583596309999999997e-06
4.535000000000000000e+03 3.707488067000000096e-06
4.530000000000000000e+03 4.223485011999999723e-06
4.525000000000000000e+03 5.175959085999999259e-06
4.520000000000000000e+03 4.334930854000000107e-06
4.515000000000000000e+03 5.406381096999999958e-06
4.510000000000000000e+03 4.397621086999999986e-06
4.505000000000000000e+03 6.097833392999999778e-06
4.500000000000000000e+03 4.710537614000000331e-06
4.495000000000000000e+03 3.296288196000000058e-06
4.490000000000000000e+03 2.849640149999999954e-06
4.485000000000000000e+03 3.053793624999999945e-06
4.480000000000000000e+03 5.408860160999999798e-06
4.475000000000000000e+03 5.863771074999999873e-06
4.470000000000000000e+03 5.607585771999999951e-06
4.465000000000000000e+03 4.491115686999999916e-06
4.460000000000000000e+03 6.085874047000000023e-06
4.455000000000000000e+03 5.078052054000000489e-06
4.450000000000000000e+03 6.397719261999999530e-06
4.445000000000000000e+03 4.186477745000000546e-06
4.440000000000000000e+03 5.635704147000000002e-06
4.435000000000000000e+03 3.409961064000000177e-06
4.430000000000000000e+03 4.689795314000000128e-06
4.425000000000000000e+03 5.542775034000000388e-06
4.420000000000000000e+03 3.151910204999999908e-06
4.415000000000000000e+03 4.608506861000000225e-06
4.410000000000000000e+03 3.122845664999999933e-06
4.405000000000000000e+03 3.147984097999999886e-06
4.400000000000000000e+03 7.155857747000000531e-06
4.395000000000000000e+03 4.242600990000000249e-06
4.390000000000000000e+03 4.918555496000000145e-06
4.385000000000000000e+03 3.976067527999999875e-06
4.380000000000000000e+03 4.247603937999999460e-06
4.375000000000000000e+03 3.003063030000000032e-06
4.370000000000000000e+03 3.252793393999999976e-06
4.365000000000000000e+03 5.292884888999999469e-06
4.360000000000000000e+03 4.422025522000000226e-06
4.355000000000000000e+03 5.551408976000000280e-06
4.350000000000000000e+03 2.327541732999999823e-06
4.345000000000000000e+03 3.241341909999999979e-06
4.340000000000000000e+03 5.404581898000000081e-06
4.335000000000000000e+03 5.555390961999999398e-06
4.330000000000000000e+03 3.324436256999999586e-06
4.325000000000000000e+03 4.615508659999999760e-06
4.320000000000000000e+03 6.085084751000000675e-06
4.315000000000000000e+03 5.144259194000000022e-06
4.310000000000000000e+03 4.749967483999999624e-06
4.305000000000000000e+03 4.385877692000000617e-06
4.300000000000000000e+03 5.364872050000000127e-06
4.295000000000000000e+03 6.109247915000000161e-06
4.290000000000000000e+03 5.941300769000000755e-06
4.285000000000000000e+03 4.473089938999999607e-06
4.280000000000000000e+03 4.745742771999999875e-06
4.275000000000000000e+03 6.765460711999999638e-06
4.270000000000000000e+03 3.092494735000000103e-06
4.265000000000000000e+03 4.693531081999999923e-06
4.260000000000000000e+03 5.456240614999999160e-06
4.255000000000000000e+03 5.791466101000000115e-06
4.250000000000000000e+03 5.459288950000000338e-06
4.245000000000000000e+03 5.416056956000000677e-06
4.240000000000000000e+03 8.680410101000000047e-06
4.235000000000000000e+03 4.639186954999999780e-06
4.230000000000000000e+03 4.411086264999999621e-06
4.225000000000000000e+03 4.884947557000000056e-06
4.220000000000000000e+03 5.605648038999999622e-06
4.215000000000000000e+03 8.637533755999999093e-06
4.210000000000000000e+03 3.551578848000000364e-06
4.205000000000000000e+03 3.824820450999999962e-06
4.200000000000000000e+03 6.125828368000000276e-06
4.195000000000000000e+03 2.265630609999999823e-06
4.190000000000000000e+03 4.322231106999999329e-06
4.185000000000000000e+03 5.118653062000000843e-06
4.180000000000000000e+03 2.057966484999999900e-06
4.175000000000000000e+03 5.552145885000000071e-06
4.170000000000000000e+03 3.741744730999999844e-06
4.165000000000000000e+03 6.231560836999999896e-06
4.160000000000000000e+03 3.046743804999999962e-06
4.155000000000000000e+03 4.819908935999999600e-06
4.150000000000000000e+03 5.090901977000000540e-06
4.145000000000000000e+03 6.301643443000000088e-06
4.140000000000000000e+03 5.597536801000000176e-06
4.135000000000000000e+03 6.631977158000000561e-06
4.130000000000000000e+03 7.382781477999999794e-06
4.125000000000000000e+03 3.821618447999999973e-06
4.120000000000000000e+03 4.230687045000000333e-06
4.115000000000000000e+03 5.454521161000000038e-06
4.110000000000000000e+03 4.986699204999999596e-06
4.105000000000000000e+03 4.001799098000000282e-06
4.100000000000000000e+03 5.840670200999999626e-06
4.095000000000000000e+03 8.257286972000000297e-06
4.090000000000000000e+03 3.826920873999999854e-06
4.085000000000000000e+03 6.898641586000000193e-06
4.080000000000000000e+03 6.619436317000000867e-06
4.075000000000000000e+03 5.825293483000000127e-06
4.070000000000000000e+03 8.342149085000000213e-06
4.065000000000000000e+03 6.804725272000000452e-06
4.060000000000000000e+03 1.049022074000000023e-05
4.055000000000000000e+03 7.095286273000000141e-06
4.050000000000000000e+03 6.257902714000000150e-06
4.045000000000000000e+03 5.753055447999999350e-06
4.040000000000000000e+03 5.798073834999999655e-06
4.035000000000000000e+03 5.839239457000000229e-06
4.030000000000000000e+03 5.994049134000000269e-06
4.025000000000000000e+03 7.417815505000000178e-06
4.020000000000000000e+03 3.545113140999999865e-06
4.015000000000000000e+03 4.827774245999999717e-06
4.010000000000000000e+03 7.623994607000000637e-06
4.005000000000000000e+03 6.496498826999999635e-06
4.000000000000000000e+03 5.904927966000000010e-06
3.995000000000000000e+03 5.194520344999999567e-06
3.990000000000000000e+03 8.147667395000001198e-06
3.985000000000000000e+03 6.142948987000000017e-06
3.980000000000000000e+03 3.266267303999999946e-06
3.975000000000000000e+03 4.956611664999999547e-06
3.970000000000000000e+03 5.147603806000000105e-06
3.965000000000000000e+03 5.923757561999999938e-06
3.960000000000000000e+03 6.535201682999999985e-06
3.955000000000000000e+03 6.190803832999999909e-06
3.950000000000000000e+03 6.431261426999999676e-06
3.945000000000000000e+03 6.212300504999999405e-06
3.940000000000000000e+03 2.107623732000000060e-06
3.935000000000000000e+03 4.734594840999999766e-06
3.930000000000000000e+03 6.110055256000000487e-06
3.925000000000000000e+03 5.789104034000000211e-06
3.920000000000000000e+03 7.105304394000000028e-06
3.915000000000000000e+03 4.511190928000000234e-06
3.910000000000000000e+03 7.304480532000000221e-06
3.905000000000000000e+03 6.570423719999999454e-06
3.900000000000000000e+03 4.989563604000000162e-06
3.895000000000000000e+03 6.324431159999999490e-06
3.890000000000000000e+03 2.244296484000000215e-06
3.885000000000000000e+03 5.800334038000000201e-06
3.880000000000000000e+03 7.379661547000000212e-06
3.875000000000000000e+03 5.648235674000000003e-06
3.870000000000000000e+03 5.367405829000000346e-06
3.865000000000000000e+03 5.103014992000000274e-06
3.860000000000000000e+03 6.955667632000000490e-06
3.855000000000000000e+03 2.713724097999999913e-06
3.850000000000000000e+03 8.084916044000000477e-06
3.845000000000000000e+03 3.809662594000000180e-06
3.840000000000000000e+03 2.311046554999999982e-06
3.835000000000000000e+03 4.471696739000000029e-06
3.830000000000000000e+03 5.575441173000000187e-06
3.825000000000000000e+03 5.656003485999999870e-06
3.820000000000000000e+03 5.225397763000000440e-06
3.815000000000000000e+03 4.890707787000000010e-06
3.810000000000000000e+03 2.674443239999999906e-06
3.805000000000000000e+03 4.309921351000000073e-06
3.800000000000000000e+03 7.047142717000000523e-06
3.795000000000000000e+03 5.147985066000000342e-06
3.790000000000000000e+03 5.910902982999999938e-06
3.785000000000000000e+03 6.353724165999999614e-06
3.780000000000000000e+03 5.949966725999999573e-06
3.775000000000000000e+03 4.440379562000000060e-06
3.770000000000000000e+03 5.655453424000000769e-06
3.765000000000000000e+03 4.502579977000000415e-06
3.760000000000000000e+03 5.691857659000000337e-06
3.755000000000000000e+03 5.967111791999999586e-06
3.750000000000000000e+03 5.122214789000000874e-06
3.745000000000000000e+03 6.474150577999999860e-06
3.740000000000000000e+03 6.202789373000000450e-06
3.735000000000000000e+03 6.842155708000000165e-06
3.730000000000000000e+03 7.629964965999999973e-06
3.725000000000000000e+03 5.843518301999999728e-06
3.720000000000000000e+03 6.857734987999999868e-06
3.715000000000000000e+03 8.062298292999999503e-06
3.710000000000000000e+03 5.957898684000000050e-06
3.705000000000000000e+03 3.725564166000000200e-06
3.700000000000000000e+03 6.611509015999999813e-06
3.695000000000000000e+03 5.724219372000000575e-06
3.690000000000000000e+03 7.252505747999999694e-06
3.685000000000000000e+03 6.757270312000000388e-06
3.680000000000000000e+03 7.793029072000000183e-06
3.675000000000000000e+03 1.012731111000000028e-05
3.670000000000000000e+03 5.678174784000000125e-06
3.665000000000000000e+03 6.624897360000000466e-06
3.660000000000000000e+03 6.824954180000000107e-06
3.655000000000000000e+03 6.877310807000000127e-06
3.650000000000000000e+03 7.538391510000000441e-06
3.645000000000000000e+03 5.998975247999999651e-06
3.640000000000000000e+03 7.510601425999999595e-06
3.635000000000000000e+03 4.240314301999999449e-06
3.630000000000000000e+03 6.714705959999999869e-06
3.625000000000000000e+03 4.884704830999999424e-06
3.620000000000000000e+03 7.837627198999999386e-06
3.615000000000000000e+03 7.834130083000000056e-06
3.610000000000000000e+03 9.042205637999999922e-06
3.605000000000000000e+03 9.063457836999999119e-06
3.600000000000000000e+03 5.489665200000000113e-06
3.595000000000000000e+03 8.320425986000000871e-06
3.590000000000000000e+03 7.749230716999998942e-06
3.585000000000000000e+03 8.117054821999999560e-06
3.580000000000000000e+03 8.606321644000000247e-06
3.575000000000000000e+03 1.007459592000000052e-05
3.570000000000000000e+03 5.083564901999999862e-06
3.565000000000000000e+03 9.960080497000000448e-06
3.560000000000000000e+03 8.328051771999999054e-06
3.555000000000000000e+03 8.715506991999999770e-06
3.550000000000000000e+03 8.516495000000000188e-06
3.545000000000000000e+03 1.058626220999999969e-05
3.540000000000000000e+03 6.064727785999999504e-06
3.535000000000000000e+03 5.647459766000000515e-06
3.530000000000000000e+03 4.839946049999999996e-06
3.525000000000000000e+03 7.655618828999999608e-06
3.520000000000000000e+03 9.310792084000000369e-06
3.515000000000000000e+03 3.896971175000000279e-06
3.510000000000000000e+03 7.014606380999999893e-06
3.505000000000000000e+03 8.492651394999999994e-06
3.500000000000000000e+03 8.374988100999999365e-06
3.495000000000000000e+03 9.251045412000000011e-06
3.490000000000000000e+03 5.395684857000000300e-06
3.485000000000000000e+03 6.267557036999999828e-06
3.480000000000000000e+03 6.431515212000000719e-06
3.475000000000000000e+03 6.136507727000000214e-06
3.470000000000000000e+03 8.492149644999999114e-06
3.465000000000000000e+03 8.083876454999998777e-06
3.460000000000000000e+03 7.443138746999999991e-06
3.455000000000000000e+03 6.398137193000000336e-06
3.450000000000000000e+03 7.075194152999999899e-06
3.445000000000000000e+03 8.912591729000000822e-06
3.440000000000000000e+03 4.972340538999999587e-06
3.435000000000000000e+03 4.914588644000000233e-06
3.430000000000000000e+03 4.965069237999999700e-06
3.425000000000000000e+03 5.517058889000000348e-06
3.420000000000000000e+03 7.297057890999999803e-06
3.415000000000000000e+03 6.983925705000000556e-06
3.410000000000000000e+03 6.251913146000000272e-06
3.405000000000000000e+03 8.563439477999999460e-06
3.400000000000000000e+03 6.505022174999999206e-06
3.395000000000000000e+03 3.784214204999999877e-06
3.390000000000000000e+03 7.078054476999999129e-06
3.385000000000000000e+03 7.565533741999999608e-06
3.380000000000000000e+03 8.884571725999999744e-06
3.375000000000000000e+03 6.647579139000000343e-06
3.370000000000000000e+03 6.803841679000000079e-06
3.365000000000000000e+03 8.168997591999999788e-06
3.360000000000000000e+03 9.601348428999999262e-06
3.355000000000000000e+03 7.158926455000000119e-06
3.350000000000000000e+03 6.460725563000000333e-06
3.345000000000000000e+03 5.708387470999999394e-06
3.340000000000000000e+03 6.985673098999999811e-06
3.335000000000000000e+03 6.892249803000000191e-06
3.330000000000000000e+03 7.894500159000000653e-06
3.325000000000000000e+03 5.683006019999999868e-06
3.320000000000000000e+03 5.687356461000000312e-06
3.315000000000000000e+03 9.711702004999999243e-06
3.310000000000000000e+03 5.500350379999999885e-06
3.305000000000000000e+03 6.955795106000000209e-06
3.300000000000000000e+03 7.120114750999999641e-06
3.295000000000000000e+03 5.879001109999999958e-06
3.290000000000000000e+03 6.366177113000000440e-06
3.285000000000000000e+03 6.390407797999999536e-06
3.280000000000000000e+03 7.040076307000000288e-06
3.275000000000000000e+03 1.205759821000000047e-05
3.270000000000000000e+03 4.289966309000000084e-06
3.265000000000000000e+03 6.886061164999999648e-06
3.260000000000000000e+03 5.949080222999999444e-06
3.255000000000000000e+03 6.252736784999999367e-06
3.250000000000000000e+03 7.520312210999999318e-06
3.245000000000000000e+03 6.759336101999999692e-06
3.240000000000000000e+03 7.082505035000000111e-06
3.235000000000000000e+03 5.992134683999999802e-06
3.230000000000000000e+03 8.738337783000001051e-06
3.225000000000000000e+03 5.101948044999999918e-06
3.220000000000000000e+03 8.590061916000000478e-06
3.215000000000000000e+03 8.025489515000000683e-06
3.210000000000000000e+03 7.313986424999999971e-06
3.205000000000000000e+03 7.026502280000000204e-06
3.200000000000000000e+03 8.238299632999999375e-06
3.195000000000000000e+03 6.982423365000000214e-06
3.190000000000000000e+03 7.273028022999999345e-06
3.185000000000000000e+03 9.310538297999999851e-06
3.180000000000000000e+03 6.098022567999999594e-06
3.175000000000000000e+03 8.882504770999999707e-06
3.170000000000000000e+03 7.262500585000000245e-06
3.165000000000000000e+03 8.240665774999999767e-06
3.160000000000000000e+03 7.717830013000000382e-06
3.155000000000000000e+03 6.729625165000000456e-06
3.150000000000000000e+03 7.335835835000000637e-06
3.145000000000000000e+03 7.633989444000000341e-06
3.140000000000000000e+03 6.192859728000000060e-06
3.135000000000000000e+03 9.339060633999999371e-06
3.130000000000000000e+03 4.811255203000000232e-06
3.125000000000000000e+03 7.225573645000000757e-06
3.120000000000000000e+03 8.426570566000000091e-06
3.115000000000000000e+03 9.309586020999999778e-06
3.110000000000000000e+03 6.429025087999999299e-06
3.105000000000000000e+03 4.803349730000000008e-06
3.100000000000000000e+03 9.397123940000000225e-06
3.095000000000000000e+03 5.973894149000000366e-06
3.090000000000000000e+03 6.883238092999999600e-06
3.085000000000000000e+03 8.511401828999999271e-06
3.080000000000000000e+03 7.341488963000000656e-06
3.075000000000000000e+03 7.524501415999999756e-06
3.070000000000000000e+03 6.975871511000000090e-06
3.065000000000000000e+03 5.846584098999999238e-06
3.060000000000000000e+03 5.278631579000000050e-06
3.055000000000000000e+03 6.515710847000000211e-06
3.050000000000000000e+03 8.776432950999999303e-06
3.045000000000000000e+03 5.862978286999999293e-06
3.040000000000000000e+03 6.503278854999999272e-06
3.035000000000000000e+03 9.336673538000001107e-06
3.030000000000000000e+03 6.063100299999999416e-06
3.025000000000000000e+03 6.353174102999999344e-06
3.020000000000000000e+03 5.329221021000000492e-06
3.015000000000000000e+03 7.178887025999999307e-06
3.010000000000000000e+03 7.813011762000000515e-06
3.005000000000000000e+03 4.820438335000000297e-06
3.000000000000000000e+03 6.906214984999999666e-06
