1.100000000000000000e+04 9.948831176999999304e-01
1.099500000000000000e+04 9.948519896999999945e-01
1.099000000000000000e+04 9.951387787000000040e-01
1.098500000000000000e+04 9.950313567999999886e-01
1.098000000000000000e+04 9.948384857000001080e-01
1.097500000000000000e+04 9.951097106999999831e-01
1.097000000000000000e+04 9.948455810999999871e-01
1.096500000000000000e+04 9.949903869999999761e-01
1.096000000000000000e+04 9.949691771999999990e-01
1.095500000000000000e+04 9.950143432999999371e-01
1.095000000000000000e+04 9.950205993999999832e-01
1.094500000000000000e+04 9.949538422000000493e-01
1.094000000000000000e+04 9.949751282000000030e-01
1.093500000000000000e+04 9.949366759999999088e-01
1.093000000000000000e+04 9.951568604000000651e-01
1.092500000000000000e+04 9.950115967000000561e-01
1.092000000000000000e+04 9.951203155999999161e-01
1.091500000000000000e+04 9.951753997999999157e-01
1.091000000000000000e+04 9.950807953000000428e-01
1.090500000000000000e+04 9.950373840000000802e-01
1.090000000000000000e+04 9.952164458999999130e-01
1.089500000000000000e+04 9.950273131999999299e-01
1.089000000000000000e+04 9.952220153999999930e-01
1.088500000000000000e+04 9.952097320999999663e-01
1.088000000000000000e+04 9.953582000999999790e-01
1.087500000000000000e+04 9.954317473999999555e-01
1.087000000000000000e+04 9.953587340999999755e-01
1.086500000000000000e+04 9.955077361999999930e-01
1.086000000000000000e+04 9.955232239000000316e-01
1.085500000000000000e+04 9.955900574000000613e-01
1.085000000000000000e+04 9.955636597000000476e-01
1.084500000000000000e+04 9.956942748999999537e-01
1.084000000000000000e+04 9.957168579000000852e-01
1.083500000000000000e+04 9.957611083999999835e-01
1.083000000000000000e+04 9.957875823999999820e-01
1.082500000000000000e+04 9.958982848999999860e-01
1.082000000000000000e+04 9.959001159999999464e-01
1.081500000000000000e+04 9.959354401000000134e-01
1.081000000000000000e+04 9.959365845000001105e-01
1.080500000000000000e+04 9.960369110000000248e-01
1.080000000000000000e+04 9.959873199000000010e-01
1.079500000000000000e+04 9.961409759999999558e-01
1.079000000000000000e+04 9.961300658999999724e-01
1.078500000000000000e+04 9.961048126000000558e-01
1.078000000000000000e+04 9.962013244999999850e-01
1.077500000000000000e+04 9.963277435000000848e-01
1.077000000000000000e+04 9.963024901999999461e-01
1.076500000000000000e+04 9.965176391999999161e-01
1.076000000000000000e+04 9.963627624999999988e-01
1.075500000000000000e+04 9.963728333000000381e-01
1.075000000000000000e+04 9.965522765999998978e-01
1.074500000000000000e+04 9.964208983999999214e-01
1.074000000000000000e+04 9.964309692000000718e-01
1.073500000000000000e+04 9.966378020999999698e-01
1.073000000000000000e+04 9.965330504999999617e-01
1.072500000000000000e+04 9.965690613000000031e-01
1.072000000000000000e+04 9.966294098000000323e-01
1.071500000000000000e+04 9.966891479000000720e-01
1.071000000000000000e+04 9.966830443999999956e-01
1.070500000000000000e+04 9.967143249999999011e-01
1.070000000000000000e+04 9.967591858000000027e-01
1.069500000000000000e+04 9.967923736999999562e-01
1.069000000000000000e+04 9.967292023000000611e-01
1.068500000000000000e+04 9.968473052999999862e-01
1.068000000000000000e+04 9.967797089000000055e-01
1.067500000000000000e+04 9.967816161999999425e-01
1.067000000000000000e+04 9.968283081000000045e-01
1.066500000000000000e+04 9.967813110000000032e-01
1.066000000000000000e+04 9.967781066999999995e-01
1.065500000000000000e+04 9.969078063999999850e-01
1.065000000000000000e+04 9.967982482999999672e-01
1.064500000000000000e+04 9.967760467999999818e-01
1.064000000000000000e+04 9.970140076000000295e-01
1.063500000000000000e+04 9.967983245999999520e-01
1.063000000000000000e+04 9.968304443000000070e-01
1.062500000000000000e+04 9.970298003999999992e-01
1.062000000000000000e+04 9.969505309999999731e-01
1.061500000000000000e+04 9.969768524000000021e-01
1.061000000000000000e+04 9.969615935999999179e-01
1.060500000000000000e+04 9.967958068999999144e-01
1.060000000000000000e+04 9.968285369999999590e-01
1.059500000000000000e+04 9.969733429000000591e-01
1.059000000000000000e+04 9.969012450999999997e-01
1.058500000000000000e+04 9.968203734999999677e-01
1.058000000000000000e+04 9.969144439999999552e-01
1.057500000000000000e+04 9.969615935999999179e-01
1.057000000000000000e+04 9.967887878000000201e-01
1.056500000000000000e+04 9.968219756999999737e-01
1.056000000000000000e+04 9.969110869999999736e-01
1.055500000000000000e+04 9.968617249000000236e-01
1.055000000000000000e+04 9.968984985000000076e-01
1.054500000000000000e+04 9.970085143999999344e-01
1.054000000000000000e+04 9.968579864999999041e-01
1.053500000000000000e+04 9.969274138999999479e-01
1.053000000000000000e+04 9.969911193999999588e-01
1.052500000000000000e+04 9.968672942999999842e-01
1.052000000000000000e+04 9.968922423999999616e-01
1.051500000000000000e+04 9.969895934999999376e-01
1.051000000000000000e+04 9.968791961999999840e-01
1.050500000000000000e+04 9.970102692000000211e-01
1.050000000000000000e+04 9.969502258000000339e-01
1.049500000000000000e+04 9.969841003000000645e-01
1.049000000000000000e+04 9.969132233000000953e-01
1.048500000000000000e+04 9.969419097999999702e-01
1.048000000000000000e+04 9.970887756000000879e-01
1.047500000000000000e+04 9.970655822999999751e-01
1.047000000000000000e+04 9.970241547000000537e-01
1.046500000000000000e+04 9.969990540000001067e-01
1.046000000000000000e+04 9.970919799999999888e-01
1.045500000000000000e+04 9.969458007999999483e-01
1.045000000000000000e+04 9.971562957999999810e-01
1.044500000000000000e+04 9.970353699000000791e-01
1.044000000000000000e+04 9.970664978000001177e-01
1.043500000000000000e+04 9.970985412999999742e-01
1.043000000000000000e+04 9.970609283000000378e-01
1.042500000000000000e+04 9.971739959999998959e-01
1.042000000000000000e+04 9.970826721000000115e-01
1.041500000000000000e+04 9.971630095999999277e-01
1.041000000000000000e+04 9.970897675000000016e-01
1.040500000000000000e+04 9.971260070999999892e-01
1.040000000000000000e+04 9.971047210999999244e-01
1.039500000000000000e+04 9.972077941999999418e-01
1.039000000000000000e+04 9.971483612000000551e-01
1.038500000000000000e+04 9.970420837000000258e-01
1.038000000000000000e+04 9.971546935999999750e-01
1.037500000000000000e+04 9.970590209999999898e-01
1.037000000000000000e+04 9.970805359000000090e-01
1.036500000000000000e+04 9.971284484999999309e-01
1.036000000000000000e+04 9.971034240999999687e-01
1.035500000000000000e+04 9.970915222000000799e-01
1.035000000000000000e+04 9.970860290999999931e-01
1.034500000000000000e+04 9.971723938000000009e-01
1.034000000000000000e+04 9.970572661999999031e-01
1.033500000000000000e+04 9.971808624000000343e-01
1.033000000000000000e+04 9.969622040000000185e-01
1.032500000000000000e+04 9.970366669000000348e-01
1.032000000000000000e+04 9.970873260000000515e-01
1.031500000000000000e+04 9.969822693000000013e-01
1.031000000000000000e+04 9.971434784000000606e-01
1.030500000000000000e+04 9.970011901999999981e-01
1.030000000000000000e+04 9.970791626000000685e-01
1.029500000000000000e+04 9.971151733000001016e-01
1.029000000000000000e+04 9.970276641999999967e-01
1.028500000000000000e+04 9.970436096000000470e-01
1.028000000000000000e+04 9.969905090000000802e-01
1.027500000000000000e+04 9.970319366000000016e-01
1.027000000000000000e+04 9.970687865999999788e-01
1.026500000000000000e+04 9.970159911999999514e-01
1.026000000000000000e+04 9.969969939999999697e-01
1.025500000000000000e+04 9.970307922000000156e-01
1.025000000000000000e+04 9.971227263999999924e-01
1.024500000000000000e+04 9.970388794000000221e-01
1.024000000000000000e+04 9.970276641999999967e-01
1.023500000000000000e+04 9.970090485000000502e-01
1.023000000000000000e+04 9.969995117000000073e-01
1.022500000000000000e+04 9.968755341000000714e-01
1.022000000000000000e+04 9.970278167999999663e-01
1.021500000000000000e+04 9.970483398000000719e-01
1.021000000000000000e+04 9.969031524999999450e-01
1.020500000000000000e+04 9.970105743000000631e-01
1.020000000000000000e+04 9.970380402000000863e-01
1.019500000000000000e+04 9.970333861999999270e-01
1.019000000000000000e+04 9.970592498999999442e-01
1.018500000000000000e+04 9.971101378999999154e-01
1.018000000000000000e+04 9.972003936999999096e-01
1.017500000000000000e+04 9.971901703000000117e-01
1.017000000000000000e+04 9.971815491000000087e-01
1.016500000000000000e+04 9.972153473000000545e-01
1.016000000000000000e+04 9.973175811999999141e-01
1.015500000000000000e+04 9.972492981000000700e-01
1.015000000000000000e+04 9.972761535999999927e-01
1.014500000000000000e+04 9.972403717000000167e-01
1.014000000000000000e+04 9.972792053000000267e-01
1.013500000000000000e+04 9.973651123000000229e-01
1.013000000000000000e+04 9.972888183999999434e-01
1.012500000000000000e+04 9.974177550999999697e-01
1.012000000000000000e+04 9.973812866000000277e-01
1.011500000000000000e+04 9.973987578999999881e-01
1.011000000000000000e+04 9.973996735000000280e-01
1.010500000000000000e+04 9.974070740000000601e-01
1.010000000000000000e+04 9.975605774000000370e-01
1.009500000000000000e+04 9.975006866000000194e-01
1.009000000000000000e+04 9.975048064999999520e-01
1.008500000000000000e+04 9.975533294999999745e-01
1.008000000000000000e+04 9.974584960999999250e-01
1.007500000000000000e+04 9.975029754999999998e-01
1.007000000000000000e+04 9.974903107000000491e-01
1.006500000000000000e+04 9.975356293000000596e-01
1.006000000000000000e+04 9.976527404999999682e-01
1.005500000000000000e+04 9.974549865999999820e-01
1.005000000000000000e+04 9.975125122000000344e-01
1.004500000000000000e+04 9.973946381000000638e-01
1.004000000000000000e+04 9.974558258000000288e-01
1.003500000000000000e+04 9.973523711999999763e-01
1.003000000000000000e+04 9.973828888000000337e-01
1.002500000000000000e+04 9.973904419000000354e-01
1.002000000000000000e+04 9.972335814999999659e-01
1.001500000000000000e+04 9.972693633999999419e-01
1.001000000000000000e+04 9.972432708999999784e-01
1.000500000000000000e+04 9.971891784999999953e-01
1.000000000000000000e+04 9.970776367000000473e-01
9.995000000000000000e+03 9.970870971999999943e-01
9.990000000000000000e+03 9.969685364000000494e-01
9.985000000000000000e+03 9.970459747000000039e-01
9.980000000000000000e+03 9.970042419000000322e-01
9.975000000000000000e+03 9.968688202000000054e-01
9.970000000000000000e+03 9.968145751999999415e-01
9.965000000000000000e+03 9.966942596000000210e-01
9.960000000000000000e+03 9.966562652999999550e-01
9.955000000000000000e+03 9.966021729000000828e-01
9.950000000000000000e+03 9.964145660000000015e-01
9.945000000000000000e+03 9.962780761999999735e-01
9.940000000000000000e+03 9.961734771999999349e-01
9.935000000000000000e+03 9.962677764999999797e-01
9.930000000000000000e+03 9.960697937000000390e-01
9.925000000000000000e+03 9.960445403999999003e-01
9.920000000000000000e+03 9.959323883000000821e-01
9.915000000000000000e+03 9.958658599999999916e-01
9.910000000000000000e+03 9.957843017999999935e-01
9.905000000000000000e+03 9.956549072000000500e-01
9.900000000000000000e+03 9.955667114000000817e-01
9.895000000000000000e+03 9.955407714999999769e-01
9.890000000000000000e+03 9.953604126000000774e-01
9.885000000000000000e+03 9.954718017999999446e-01
9.880000000000000000e+03 9.953020476999999699e-01
9.875000000000000000e+03 9.952391815000000141e-01
9.870000000000000000e+03 9.952001190000000497e-01
9.865000000000000000e+03 9.952332305999999074e-01
9.860000000000000000e+03 9.951418304000000381e-01
9.855000000000000000e+03 9.950756835999999828e-01
9.850000000000000000e+03 9.950173186999999864e-01
9.845000000000000000e+03 9.950180054000000718e-01
9.840000000000000000e+03 9.951434326000000441e-01
9.835000000000000000e+03 9.949884796000000309e-01
9.830000000000000000e+03 9.949556732000001125e-01
9.825000000000000000e+03 9.949728394000000309e-01
9.820000000000000000e+03 9.950309753000000645e-01
9.815000000000000000e+03 9.950418091000000631e-01
9.810000000000000000e+03 9.950279236000000305e-01
9.805000000000000000e+03 9.949842072000000259e-01
9.800000000000000000e+03 9.950315093999999583e-01
9.795000000000000000e+03 9.950587462999999078e-01
9.790000000000000000e+03 9.950636292000000216e-01
9.785000000000000000e+03 9.950948334000000450e-01
9.780000000000000000e+03 9.950147246999999640e-01
9.775000000000000000e+03 9.950420380000000176e-01
9.770000000000000000e+03 9.951927947999998914e-01
9.765000000000000000e+03 9.951570128999999154e-01
9.760000000000000000e+03 9.951602936000000232e-01
9.755000000000000000e+03 9.952385712000000328e-01
9.750000000000000000e+03 9.952425384999998847e-01
9.745000000000000000e+03 9.952427672999999420e-01
9.740000000000000000e+03 9.953409575999999648e-01
9.735000000000000000e+03 9.954107666000000521e-01
9.730000000000000000e+03 9.954622650000000128e-01
9.725000000000000000e+03 9.954193877999999440e-01
9.720000000000000000e+03 9.955001830999999912e-01
9.715000000000000000e+03 9.954557800000000123e-01
9.710000000000000000e+03 9.954634093999998878e-01
9.705000000000000000e+03 9.955173492000000124e-01
9.700000000000000000e+03 9.954114532000000182e-01
9.695000000000000000e+03 9.955578613000000132e-01
9.690000000000000000e+03 9.955799865999999110e-01
9.685000000000000000e+03 9.954889678999999658e-01
9.680000000000000000e+03 9.955204009999999437e-01
9.675000000000000000e+03 9.954428864000000043e-01
9.670000000000000000e+03 9.954360961999999535e-01
9.665000000000000000e+03 9.955815124999999322e-01
9.660000000000000000e+03 9.954928588999999439e-01
9.655000000000000000e+03 9.953896331999999569e-01
9.650000000000000000e+03 9.954138183999999834e-01
9.645000000000000000e+03 9.952694701999998950e-01
9.640000000000000000e+03 9.953113555999999473e-01
9.635000000000000000e+03 9.953426360999999556e-01
9.630000000000000000e+03 9.952363586000000373e-01
9.625000000000000000e+03 9.951887512000000546e-01
9.620000000000000000e+03 9.951306151999999017e-01
9.615000000000000000e+03 9.949840546000000563e-01
9.610000000000000000e+03 9.949342346000000781e-01
9.605000000000000000e+03 9.948652649000000459e-01
9.600000000000000000e+03 9.948451995999999520e-01
9.595000000000000000e+03 9.947457885999999583e-01
9.590000000000000000e+03 9.945817565999999221e-01
9.585000000000000000e+03 9.945242310000000918e-01
9.580000000000000000e+03 9.945025634999999919e-01
9.575000000000000000e+03 9.945761108000000794e-01
9.570000000000000000e+03 9.944441223000000107e-01
9.565000000000000000e+03 9.942914580999999696e-01
9.560000000000000000e+03 9.941940307999999060e-01
9.555000000000000000e+03 9.941348266999999739e-01
9.550000000000000000e+03 9.939579010000000325e-01
9.545000000000000000e+03 9.939970397999999818e-01
9.540000000000000000e+03 9.938391113000000221e-01
9.535000000000000000e+03 9.937745666999999727e-01
9.530000000000000000e+03 9.937332153000000279e-01
9.525000000000000000e+03 9.936532592999999247e-01
9.520000000000000000e+03 9.936020660000000060e-01
9.515000000000000000e+03 9.935826111000000127e-01
9.510000000000000000e+03 9.934857178000000566e-01
9.505000000000000000e+03 9.934456634999999647e-01
9.500000000000000000e+03 9.934234618999999711e-01
9.495000000000000000e+03 9.933023071000000037e-01
9.490000000000000000e+03 9.933046722000000717e-01
9.485000000000000000e+03 9.933200073000000296e-01
9.480000000000000000e+03 9.932411193999999277e-01
9.475000000000000000e+03 9.932614898999999609e-01
9.470000000000000000e+03 9.931749724999999751e-01
9.465000000000000000e+03 9.931854248000000496e-01
9.460000000000000000e+03 9.932020568999999632e-01
9.455000000000000000e+03 9.932215118000000675e-01
9.450000000000000000e+03 9.933913422000000271e-01
9.445000000000000000e+03 9.934059143000000258e-01
9.440000000000000000e+03 9.933492278999999092e-01
9.435000000000000000e+03 9.933628082000000026e-01
9.430000000000000000e+03 9.934598540999999283e-01
9.425000000000000000e+03 9.934191131999999813e-01
9.420000000000000000e+03 9.935252380000000327e-01
9.415000000000000000e+03 9.936358642999999491e-01
9.410000000000000000e+03 9.937423706000000356e-01
9.405000000000000000e+03 9.938745880000000588e-01
9.400000000000000000e+03 9.939953612999999910e-01
9.395000000000000000e+03 9.941024779999999561e-01
9.390000000000000000e+03 9.942653656000000062e-01
9.385000000000000000e+03 9.943410491999999934e-01
9.380000000000000000e+03 9.944979858000000394e-01
9.375000000000000000e+03 9.946659850999999275e-01
9.370000000000000000e+03 9.947124481000000351e-01
9.365000000000000000e+03 9.949177550999999120e-01
9.360000000000000000e+03 9.950072479000000580e-01
9.355000000000000000e+03 9.951084136999999163e-01
9.350000000000000000e+03 9.952519225999999497e-01
9.345000000000000000e+03 9.952301024999999912e-01
9.340000000000000000e+03 9.954711150999999703e-01
9.335000000000000000e+03 9.954486846999999194e-01
9.330000000000000000e+03 9.953720856000000117e-01
9.325000000000000000e+03 9.954470062000000397e-01
9.320000000000000000e+03 9.955353546000000886e-01
9.315000000000000000e+03 9.955442809999999199e-01
9.310000000000000000e+03 9.956160735999999289e-01
9.305000000000000000e+03 9.955447388000000508e-01
9.300000000000000000e+03 9.956694794000000570e-01
9.295000000000000000e+03 9.956797027999999550e-01
9.290000000000000000e+03 9.957017516999999707e-01
9.285000000000000000e+03 9.958415985000000914e-01
9.280000000000000000e+03 9.958004760999998872e-01
9.275000000000000000e+03 9.958506011999999075e-01
9.270000000000000000e+03 9.959410094999999741e-01
9.265000000000000000e+03 9.959776306000001078e-01
9.260000000000000000e+03 9.960062407999999978e-01
9.255000000000000000e+03 9.960990906000000145e-01
9.250000000000000000e+03 9.960472870000000034e-01
9.245000000000000000e+03 9.962063598999999492e-01
9.240000000000000000e+03 9.962985228999999832e-01
9.235000000000000000e+03 9.962898253999999953e-01
9.230000000000000000e+03 9.964030456999999341e-01
9.225000000000000000e+03 9.964328766000000170e-01
9.220000000000000000e+03 9.964842224000000082e-01
9.215000000000000000e+03 9.965857697000000126e-01
9.210000000000000000e+03 9.965169525000000528e-01
9.205000000000000000e+03 9.966053008999999907e-01
9.200000000000000000e+03 9.966774750000000349e-01
9.195000000000000000e+03 9.966863250999999924e-01
9.190000000000000000e+03 9.967208861999999892e-01
9.185000000000000000e+03 9.966869354000000847e-01
9.180000000000000000e+03 9.965848540999999727e-01
9.175000000000000000e+03 9.966289519999999014e-01
9.170000000000000000e+03 9.965868378000000138e-01
9.165000000000000000e+03 9.964577484000000096e-01
9.160000000000000000e+03 9.964484405999999295e-01
9.155000000000000000e+03 9.962952422999999946e-01
9.150000000000000000e+03 9.961827087000000303e-01
9.145000000000000000e+03 9.960443877999999307e-01
9.140000000000000000e+03 9.958444977000000531e-01
9.135000000000000000e+03 9.957078552000000471e-01
9.130000000000000000e+03 9.954968262000000179e-01
9.125000000000000000e+03 9.952231597999999790e-01
9.120000000000000000e+03 9.950004577999999045e-01
9.115000000000000000e+03 9.947369385000000008e-01
9.110000000000000000e+03 9.944233703999999507e-01
9.105000000000000000e+03 9.941756438999999057e-01
9.100000000000000000e+03 9.937919616999999484e-01
9.095000000000000000e+03 9.934572601000000169e-01
9.090000000000000000e+03 9.931423950000000112e-01
9.085000000000000000e+03 9.927403259000000535e-01
9.080000000000000000e+03 9.922940062999999755e-01
9.075000000000000000e+03 9.919206238000000120e-01
9.070000000000000000e+03 9.915539551000001062e-01
9.065000000000000000e+03 9.911595917000000089e-01
9.060000000000000000e+03 9.907485199000000131e-01
9.055000000000000000e+03 9.903791809000001001e-01
9.050000000000000000e+03 9.900469208000000076e-01
9.045000000000000000e+03 9.896534728999999420e-01
9.040000000000000000e+03 9.892729949999999883e-01
9.035000000000000000e+03 9.889643859999999176e-01
9.030000000000000000e+03 9.885864257999998905e-01
9.025000000000000000e+03 9.883296203999999419e-01
9.020000000000000000e+03 9.880761718999999665e-01
9.015000000000000000e+03 9.878768157999999744e-01
9.010000000000000000e+03 9.876845550999999723e-01
9.005000000000000000e+03 9.875423430999999974e-01
9.000000000000000000e+03 9.874042511000000744e-01
8.995000000000000000e+03 9.869000244000000199e-01
8.990000000000000000e+03 9.877758789000000705e-01
8.985000000000000000e+03 9.868910979999999666e-01
8.980000000000000000e+03 9.904076385000000204e-01
8.975000000000000000e+03 9.858110046000000404e-01
8.970000000000000000e+03 9.854151154000000412e-01
8.965000000000000000e+03 9.878683472000000521e-01
8.960000000000000000e+03 9.858476256999999521e-01
8.955000000000000000e+03 9.889633179000000274e-01
8.950000000000000000e+03 9.861968993999999933e-01
8.945000000000000000e+03 9.887751769999999496e-01
8.940000000000000000e+03 9.885379790999999639e-01
8.935000000000000000e+03 9.897426604999999267e-01
8.930000000000000000e+03 9.881979370000000262e-01
8.925000000000000000e+03 9.901319121999999640e-01
8.920000000000000000e+03 9.906053925000000149e-01
8.915000000000000000e+03 9.903861237000000095e-01
8.910000000000000000e+03 9.913103485000001047e-01
8.905000000000000000e+03 9.903173828000000345e-01
8.900000000000000000e+03 9.937873839999999959e-01
8.895000000000000000e+03 9.922478485000000292e-01
8.890000000000000000e+03 9.920608520999999458e-01
8.885000000000000000e+03 9.942900847999999181e-01
8.880000000000000000e+03 9.939890289000000712e-01
8.875000000000000000e+03 9.943675994999999768e-01
8.870000000000000000e+03 9.949180603000000733e-01
8.865000000000000000e+03 9.968779755000000131e-01
8.860000000000000000e+03 9.950138855000000282e-01
8.855000000000000000e+03 9.964621734999999925e-01
8.850000000000000000e+03 9.955901337000000462e-01
8.845000000000000000e+03 9.963494110000000736e-01
8.840000000000000000e+03 9.951734923999999705e-01
8.835000000000000000e+03 9.958061981000000396e-01
8.830000000000000000e+03 9.940637970000000267e-01
8.825000000000000000e+03 9.947577667000000456e-01
8.820000000000000000e+03 9.948285674999999273e-01
8.815000000000000000e+03 9.946351624000000502e-01
8.810000000000000000e+03 9.932901001000000729e-01
8.805000000000000000e+03 9.935448456000000039e-01
8.800000000000000000e+03 9.945176696999999955e-01
8.795000000000000000e+03 9.939372253000000601e-01
8.790000000000000000e+03 9.938426970999999499e-01
8.785000000000000000e+03 9.951260376000000685e-01
8.780000000000000000e+03 9.936904144000000549e-01
8.775000000000000000e+03 9.927606200999999908e-01
8.770000000000000000e+03 9.914325714000000733e-01
8.765000000000000000e+03 9.908775330000000325e-01
8.760000000000000000e+03 9.910570525999999880e-01
8.755000000000000000e+03 9.914453887999999937e-01
8.750000000000000000e+03 9.905194855000000187e-01
8.745000000000000000e+03 9.908904266000000405e-01
8.740000000000000000e+03 9.897088623000001029e-01
8.735000000000000000e+03 9.907879638999999017e-01
8.730000000000000000e+03 9.893231963999999934e-01
8.725000000000000000e+03 9.896263885000000649e-01
8.720000000000000000e+03 9.902148438000000219e-01
8.715000000000000000e+03 9.898724365000000081e-01
8.710000000000000000e+03 9.890467071999999860e-01
8.705000000000000000e+03 9.905078124999999734e-01
8.700000000000000000e+03 9.911463165000000686e-01
8.695000000000000000e+03 9.914507294000000082e-01
8.690000000000000000e+03 9.903579712000000201e-01
8.685000000000000000e+03 9.915729522999999768e-01
8.680000000000000000e+03 9.915081023999999799e-01
8.675000000000000000e+03 9.917571258999999806e-01
8.670000000000000000e+03 9.924134064000000865e-01
8.665000000000000000e+03 9.923445891999999047e-01
8.660000000000000000e+03 9.933493805000001009e-01
8.655000000000000000e+03 9.934449767999999903e-01
8.650000000000000000e+03 9.933469390999999371e-01
8.645000000000000000e+03 9.937622833000000488e-01
8.640000000000000000e+03 9.935263062000000422e-01
8.635000000000000000e+03 9.945130919999999319e-01
8.630000000000000000e+03 9.945260620000000440e-01
8.625000000000000000e+03 9.948181915000000597e-01
8.620000000000000000e+03 9.951412200999999458e-01
8.615000000000000000e+03 9.953245544000001166e-01
8.610000000000000000e+03 9.946524048000000562e-01
8.605000000000000000e+03 9.944055939000000510e-01
8.600000000000000000e+03 9.949348449999999566e-01
8.595000000000000000e+03 9.943230438000000282e-01
8.590000000000000000e+03 9.941864013999999194e-01
8.585000000000000000e+03 9.941322327000000625e-01
8.580000000000000000e+03 9.937964630000000188e-01
8.575000000000000000e+03 9.931971740999999687e-01
8.570000000000000000e+03 9.927026367000000295e-01
8.565000000000000000e+03 9.923422241000000588e-01
8.560000000000000000e+03 9.921447754000000119e-01
8.555000000000000000e+03 9.914772797000001026e-01
8.550000000000000000e+03 9.914479065000000313e-01
8.545000000000000000e+03 9.909421539000000667e-01
8.540000000000000000e+03 9.909677123999999226e-01
8.535000000000000000e+03 9.899593353000000207e-01
8.530000000000000000e+03 9.897929381999999165e-01
8.525000000000000000e+03 9.902645110999999112e-01
8.520000000000000000e+03 9.896802520999998798e-01
8.515000000000000000e+03 9.901632689999999570e-01
8.510000000000000000e+03 9.901164246000000446e-01
8.505000000000000000e+03 9.904265594000000172e-01
8.500000000000000000e+03 9.905406189000000028e-01
8.495000000000000000e+03 9.904106903000000628e-01
8.490000000000000000e+03 9.910620117000000784e-01
8.485000000000000000e+03 9.917129516999999561e-01
8.480000000000000000e+03 9.917519378999999358e-01
8.475000000000000000e+03 9.917862700999999781e-01
8.470000000000000000e+03 9.920893859999999620e-01
8.465000000000000000e+03 9.919929503999999065e-01
8.460000000000000000e+03 9.928947449000000702e-01
8.455000000000000000e+03 9.928135681000000989e-01
8.450000000000000000e+03 9.927544403000000406e-01
8.445000000000000000e+03 9.927931976000000658e-01
8.440000000000000000e+03 9.926893615999999865e-01
8.435000000000000000e+03 9.926589966000000098e-01
8.430000000000000000e+03 9.926840973000000679e-01
8.425000000000000000e+03 9.921794891000000893e-01
8.420000000000000000e+03 9.918505858999999703e-01
8.415000000000000000e+03 9.911842346000000470e-01
8.410000000000000000e+03 9.904261017000000056e-01
8.405000000000000000e+03 9.898001861999999873e-01
8.400000000000000000e+03 9.888706969999999652e-01
8.395000000000000000e+03 9.874938964999999680e-01
8.390000000000000000e+03 9.850346374999999766e-01
8.385000000000000000e+03 9.819427490000000036e-01
8.380000000000000000e+03 9.782326507999999921e-01
8.375000000000000000e+03 9.721578979000000675e-01
8.370000000000000000e+03 9.646241759999999443e-01
8.365000000000000000e+03 9.532209777999999245e-01
8.360000000000000000e+03 9.396254729999999888e-01
8.355000000000000000e+03 9.216139984000000229e-01
8.350000000000000000e+03 8.994042969000000110e-01
8.345000000000000000e+03 8.715132140999999333e-01
8.340000000000000000e+03 8.384952545000000645e-01
8.335000000000000000e+03 8.001943970000000572e-01
8.330000000000000000e+03 7.558636475000000132e-01
8.325000000000000000e+03 7.074694060999999756e-01
8.320000000000000000e+03 6.553923797999999801e-01
8.315000000000000000e+03 5.996138382000000266e-01
8.310000000000000000e+03 5.440416336000000186e-01
8.305000000000000000e+03 4.882659148999999865e-01
8.300000000000000000e+03 4.343750380999999994e-01
8.295000000000000000e+03 3.833705901999999721e-01
8.290000000000000000e+03 3.353138350999999573e-01
8.285000000000000000e+03 2.920912170000000141e-01
8.280000000000000000e+03 2.525445746999999685e-01
8.275000000000000000e+03 2.179378128000000192e-01
8.270000000000000000e+03 1.878680037999999886e-01
8.265000000000000000e+03 1.607613182000000029e-01
8.260000000000000000e+03 1.380054188000000015e-01
8.255000000000000000e+03 1.185100268999999956e-01
8.250000000000000000e+03 1.015489482999999971e-01
8.245000000000000000e+03 8.729121207999999965e-02
8.240000000000000000e+03 7.497383118000000568e-02
8.235000000000000000e+03 6.460496901999999986e-02
8.230000000000000000e+03 5.567899704000000421e-02
8.225000000000000000e+03 4.817151070000000312e-02
8.220000000000000000e+03 4.170344353000000198e-02
8.215000000000000000e+03 3.612783194000000059e-02
8.210000000000000000e+03 3.151622057000000310e-02
8.205000000000000000e+03 2.748167991999999824e-02
8.200000000000000000e+03 2.394291162000000001e-02
8.195000000000000000e+03 2.098949193999999699e-02
8.190000000000000000e+03 1.843682169999999801e-02
8.185000000000000000e+03 1.620229839999999880e-02
8.180000000000000000e+03 1.428443431999999909e-02
8.175000000000000000e+03 1.261991024000000058e-02
8.170000000000000000e+03 1.116712570000000064e-02
8.165000000000000000e+03 9.904758930000000239e-03
8.160000000000000000e+03 8.798190354999999019e-03
8.155000000000000000e+03 7.822616695999999939e-03
8.150000000000000000e+03 6.975966096000000595e-03
8.145000000000000000e+03 6.240019798000000575e-03
8.140000000000000000e+03 5.583168268000000128e-03
8.135000000000000000e+03 4.996071160000000594e-03
8.130000000000000000e+03 4.489572643999999862e-03
8.125000000000000000e+03 4.026856422000000581e-03
8.120000000000000000e+03 3.631722032999999857e-03
8.115000000000000000e+03 3.261006474000000162e-03
8.110000000000000000e+03 2.951982319000000157e-03
8.105000000000000000e+03 2.659681140999999981e-03
8.100000000000000000e+03 2.400164753000000230e-03
8.095000000000000000e+03 2.189474850999999916e-03
8.090000000000000000e+03 1.968083382000000020e-03
8.085000000000000000e+03 1.781412810000000029e-03
8.080000000000000000e+03 1.620999575000000009e-03
8.075000000000000000e+03 1.465055644999999854e-03
8.070000000000000000e+03 1.326535492999999979e-03
8.065000000000000000e+03 1.205325498999999887e-03
8.060000000000000000e+03 1.093127428999999965e-03
8.055000000000000000e+03 9.920965880000000726e-04
8.050000000000000000e+03 9.017150848999999895e-04
8.045000000000000000e+03 8.183181286000000684e-04
8.040000000000000000e+03 7.472805678999999354e-04
8.035000000000000000e+03 6.774744390999999167e-04
8.030000000000000000e+03 6.143338978000000353e-04
8.025000000000000000e+03 5.540095642000000343e-04
8.020000000000000000e+03 5.056111886999999560e-04
8.015000000000000000e+03 4.575905575999999878e-04
8.010000000000000000e+03 4.172130673999999606e-04
8.005000000000000000e+03 3.820681943999999514e-04
8.000000000000000000e+03 3.435735032000000180e-04
7.995000000000000000e+03 3.131296112999999758e-04
7.990000000000000000e+03 2.842045761999999632e-04
7.985000000000000000e+03 2.579565904999999663e-04
7.980000000000000000e+03 2.348649315999999892e-04
7.975000000000000000e+03 2.136121318000000187e-04
7.970000000000000000e+03 1.923389732999999902e-04
7.965000000000000000e+03 1.746780611999999800e-04
7.960000000000000000e+03 1.604455151000000067e-04
7.955000000000000000e+03 1.438223571000000079e-04
7.950000000000000000e+03 1.321782078999999980e-04
7.945000000000000000e+03 1.179359293999999959e-04
7.940000000000000000e+03 1.099755894000000009e-04
7.935000000000000000e+03 9.970135055000001114e-05
7.930000000000000000e+03 8.952992967999999225e-05
7.925000000000000000e+03 8.237573317999999855e-05
7.920000000000000000e+03 7.583756930999999352e-05
7.915000000000000000e+03 6.659940815999999711e-05
7.910000000000000000e+03 6.393657532000000658e-05
7.905000000000000000e+03 5.438288208000000685e-05
7.900000000000000000e+03 5.200572778000000292e-05
7.895000000000000000e+03 4.893965552999999944e-05
7.890000000000000000e+03 4.308570175999999605e-05
7.885000000000000000e+03 3.949350677000000375e-05
7.880000000000000000e+03 3.840650199000000131e-05
7.875000000000000000e+03 3.406673670000000341e-05
7.870000000000000000e+03 3.186306916000000239e-05
7.865000000000000000e+03 2.929196227000000150e-05
7.860000000000000000e+03 2.778334310000000137e-05
7.855000000000000000e+03 2.548473886999999904e-05
7.850000000000000000e+03 2.399588701999999917e-05
7.845000000000000000e+03 2.181285992000000113e-05
7.840000000000000000e+03 2.042372711000000094e-05
7.835000000000000000e+03 1.989904324999999699e-05
7.830000000000000000e+03 1.653240179000000024e-05
7.825000000000000000e+03 1.603267388000000079e-05
7.820000000000000000e+03 1.470656366999999965e-05
7.815000000000000000e+03 1.607344718999999958e-05
7.810000000000000000e+03 1.403518487000000028e-05
7.805000000000000000e+03 1.172371907000000002e-05
7.800000000000000000e+03 1.363241346999999922e-05
7.795000000000000000e+03 1.172411487999999988e-05
7.790000000000000000e+03 9.512428078000000181e-06
7.785000000000000000e+03 9.691272861999999038e-06
7.780000000000000000e+03 8.514524087999999675e-06
7.775000000000000000e+03 7.662050192999999936e-06
7.770000000000000000e+03 1.027766498999999929e-05
7.765000000000000000e+03 1.137859887000000098e-05
7.760000000000000000e+03 8.184167091000000508e-06
7.755000000000000000e+03 8.440510136999998883e-06
7.750000000000000000e+03 5.738598993000000471e-06
7.745000000000000000e+03 6.194678716999999938e-06
7.740000000000000000e+03 5.925909500000000459e-06
7.735000000000000000e+03 4.521940427000000071e-06
7.730000000000000000e+03 5.452202166999999997e-06
7.725000000000000000e+03 6.195726454999999753e-06
7.720000000000000000e+03 4.894618759999999979e-06
7.715000000000000000e+03 5.109475459999999450e-06
7.710000000000000000e+03 5.486605223000000115e-06
7.705000000000000000e+03 4.362833860999999876e-06
7.700000000000000000e+03 5.559988785999999897e-06
7.695000000000000000e+03 3.160765335999999916e-06
7.690000000000000000e+03 5.197961000000000020e-06
7.685000000000000000e+03 5.510831833999999891e-06
7.680000000000000000e+03 3.970049438000000083e-06
7.675000000000000000e+03 8.011173923000000012e-06
7.670000000000000000e+03 1.543256367000000126e-06
7.665000000000000000e+03 3.956257424000000275e-06
7.660000000000000000e+03 3.896165580999999621e-06
7.655000000000000000e+03 4.086539265999999677e-06
7.650000000000000000e+03 2.620693703999999775e-06
7.645000000000000000e+03 3.277684154000000304e-06
7.640000000000000000e+03 2.297678730000000176e-06
7.635000000000000000e+03 2.837772480999999768e-06
7.630000000000000000e+03 3.257570496999999969e-06
7.625000000000000000e+03 2.578111016000000081e-06
7.620000000000000000e+03 6.327636655999999338e-06
7.615000000000000000e+03 -2.250000000000000163e-07
7.610000000000000000e+03 3.815906820999999402e-06
7.605000000000000000e+03 3.621159994999999990e-06
7.600000000000000000e+03 2.451919427000000041e-06
7.595000000000000000e+03 3.088843659000000055e-06
7.590000000000000000e+03 4.057213082000000538e-06
7.585000000000000000e+03 4.071209696000000530e-06
7.580000000000000000e+03 2.021665568000000093e-06
7.575000000000000000e+03 4.363607732000000550e-06
7.570000000000000000e+03 4.108102585000000059e-06
7.565000000000000000e+03 3.780830301999999886e-06
7.560000000000000000e+03 3.638874331999999646e-06
7.555000000000000000e+03 4.772572428999999672e-06
7.550000000000000000e+03 3.646572294999999930e-06
7.545000000000000000e+03 3.627091645999999945e-06
7.540000000000000000e+03 3.715452621999999705e-06
7.535000000000000000e+03 3.558824537000000093e-06
7.530000000000000000e+03 8.479999999999999701e-07
7.525000000000000000e+03 1.294065149999999817e-06
7.520000000000000000e+03 2.253030689000000116e-06
7.515000000000000000e+03 1.971681048999999872e-06
7.510000000000000000e+03 3.714954654999999948e-06
7.505000000000000000e+03 2.589603246000000288e-06
7.500000000000000000e+03 3.068022197000000048e-06
7.495000000000000000e+03 4.645925073000000489e-06
7.490000000000000000e+03 3.283550904999999886e-06
7.485000000000000000e+03 1.836015580999999957e-06
7.480000000000000000e+03 7.819999999999999879e-07
7.475000000000000000e+03 1.692221122000000042e-06
7.470000000000000000e+03 4.396218574000000189e-06
7.465000000000000000e+03 3.578156757000000048e-06
7.460000000000000000e+03 2.867474395000000048e-06
7.455000000000000000e+03 2.148286731000000081e-06
7.450000000000000000e+03 4.125865816999999734e-06
7.445000000000000000e+03 4.526390403000000425e-06
7.440000000000000000e+03 -9.159999999999999967e-07
7.435000000000000000e+03 1.296823174999999912e-06
7.430000000000000000e+03 3.043982142000000224e-06
7.425000000000000000e+03 2.085844462000000140e-06
7.420000000000000000e+03 6.889999999999999889e-07
7.415000000000000000e+03 1.861042256000000025e-06
7.410000000000000000e+03 1.719802822000000107e-06
7.405000000000000000e+03 5.750000000000000004e-07
7.400000000000000000e+03 4.888140247000000673e-06
7.395000000000000000e+03 1.549999999999999983e-07
7.390000000000000000e+03 1.972331373999999829e-06
7.385000000000000000e+03 2.064716391000000172e-06
7.380000000000000000e+03 -4.979999999999999330e-07
7.375000000000000000e+03 3.271520836000000129e-06
7.370000000000000000e+03 2.300799242000000065e-06
7.365000000000000000e+03 1.640781555999999827e-06
7.360000000000000000e+03 4.396400473000000293e-06
7.355000000000000000e+03 -1.259288692000000015e-06
7.350000000000000000e+03 9.749999999999999823e-07
7.345000000000000000e+03 1.840794429999999931e-06
7.340000000000000000e+03 9.399999999999998939e-07
7.335000000000000000e+03 2.695065050000000313e-06
7.330000000000000000e+03 5.979999999999999285e-07
7.325000000000000000e+03 9.919999999999999890e-07
7.320000000000000000e+03 3.295237257000000173e-06
7.315000000000000000e+03 -5.850000000000000106e-07
7.310000000000000000e+03 2.965416352000000042e-06
7.305000000000000000e+03 1.629501785000000043e-06
7.300000000000000000e+03 1.391354599000000088e-06
7.295000000000000000e+03 9.729999999999998321e-07
7.290000000000000000e+03 4.399999999999999695e-07
7.285000000000000000e+03 7.649999999999999813e-07
7.280000000000000000e+03 4.745653713999999749e-06
7.275000000000000000e+03 1.364070049000000083e-06
7.270000000000000000e+03 1.362717012000000188e-06
7.265000000000000000e+03 9.670000000000000166e-07
7.260000000000000000e+03 1.758670550999999998e-06
7.255000000000000000e+03 1.077245542999999967e-06
7.250000000000000000e+03 2.173641405999999886e-06
7.245000000000000000e+03 2.336954349000000131e-06
7.240000000000000000e+03 4.293304809999999492e-06
7.235000000000000000e+03 1.804224156999999878e-06
7.230000000000000000e+03 3.253812610999999774e-06
7.225000000000000000e+03 2.405488193999999830e-06
7.220000000000000000e+03 1.064106035999999985e-06
7.215000000000000000e+03 1.127377764000000016e-06
7.210000000000000000e+03 2.337245241999999834e-06
7.205000000000000000e+03 2.296921301999999962e-06
7.200000000000000000e+03 4.838346212999999726e-06
7.195000000000000000e+03 1.410800032000000017e-06
7.190000000000000000e+03 2.617079589999999763e-06
7.185000000000000000e+03 2.013722841999999942e-06
7.180000000000000000e+03 1.040000000000000048e-07
7.175000000000000000e+03 9.849999999999998866e-07
7.170000000000000000e+03 1.804036291999999943e-06
7.165000000000000000e+03 2.940000000000000121e-07
7.160000000000000000e+03 3.613532171999999606e-06
7.155000000000000000e+03 6.910000000000000333e-07
7.150000000000000000e+03 1.050604623999999989e-06
7.145000000000000000e+03 4.367677320000000441e-06
7.140000000000000000e+03 1.934914035000000085e-06
7.135000000000000000e+03 2.623911423000000022e-06
7.130000000000000000e+03 2.511003113000000359e-06
7.125000000000000000e+03 3.811869246000000335e-06
7.120000000000000000e+03 4.530000000000000462e-07
7.115000000000000000e+03 3.269605221999999675e-06
7.110000000000000000e+03 3.041937016000000068e-06
7.105000000000000000e+03 5.106573225999999598e-06
7.100000000000000000e+03 2.013299381000000040e-06
7.095000000000000000e+03 2.100688725000000139e-06
7.090000000000000000e+03 2.829676086999999958e-06
7.085000000000000000e+03 1.930000000000000209e-07
7.080000000000000000e+03 1.136241261999999987e-06
7.075000000000000000e+03 2.718671458000000344e-06
7.070000000000000000e+03 1.600802933999999831e-06
7.065000000000000000e+03 2.973318624000000195e-06
7.060000000000000000e+03 1.184436186999999916e-06
7.055000000000000000e+03 3.796521341000000217e-06
7.050000000000000000e+03 2.934682416000000206e-06
7.045000000000000000e+03 7.320000000000000431e-07
7.040000000000000000e+03 2.365686960000000199e-06
7.035000000000000000e+03 2.024187269999999807e-06
7.030000000000000000e+03 1.389400277000000039e-06
7.025000000000000000e+03 1.387929806000000211e-06
7.020000000000000000e+03 5.272128036999999842e-06
7.015000000000000000e+03 3.460000000000000013e-07
7.010000000000000000e+03 2.649901725999999940e-06
7.005000000000000000e+03 4.140966630000000112e-06
7.000000000000000000e+03 5.099999999999999875e-07
6.995000000000000000e+03 3.376705281000000206e-06
6.990000000000000000e+03 2.586314804000000038e-06
6.985000000000000000e+03 4.060359497000000052e-06
6.980000000000000000e+03 1.337855938000000184e-06
6.975000000000000000e+03 2.974796515999999944e-06
6.970000000000000000e+03 2.918053359999999861e-06
6.965000000000000000e+03 2.460326941000000188e-06
6.960000000000000000e+03 1.480559877000000101e-06
6.955000000000000000e+03 3.012549713999999664e-06
6.950000000000000000e+03 2.246360673000000171e-06
6.945000000000000000e+03 -1.066935511000000071e-06
6.940000000000000000e+03 2.008545561999999806e-06
6.935000000000000000e+03 1.229701156000000018e-06
6.930000000000000000e+03 1.075257242000000009e-06
6.925000000000000000e+03 4.760762385999999942e-06
6.920000000000000000e+03 2.174740512000000114e-06
6.915000000000000000e+03 7.069999999999999648e-07
6.910000000000000000e+03 2.142022859000000007e-06
6.905000000000000000e+03 1.060047652999999976e-06
6.900000000000000000e+03 1.700180583000000019e-06
6.895000000000000000e+03 7.420000000000000532e-07
6.890000000000000000e+03 1.154859564999999910e-06
6.885000000000000000e+03 1.328612998000000006e-06
6.880000000000000000e+03 1.128303193000000106e-06
6.875000000000000000e+03 2.269762771999999908e-06
6.870000000000000000e+03 1.379885798000000060e-06
6.865000000000000000e+03 1.832935959000000165e-06
6.860000000000000000e+03 2.602591121000000162e-06
6.855000000000000000e+03 1.919999999999999987e-07
6.850000000000000000e+03 -3.249999999999999588e-07
6.845000000000000000e+03 1.715293765000000054e-06
6.840000000000000000e+03 2.455137437000000179e-06
6.835000000000000000e+03 1.320647425000000093e-06
6.830000000000000000e+03 2.827734570000000302e-06
6.825000000000000000e+03 -1.579783711000000202e-06
6.820000000000000000e+03 1.015497109999999953e-06
6.815000000000000000e+03 1.604991557999999961e-06
6.810000000000000000e+03 1.714654791000000086e-06
6.805000000000000000e+03 1.553328475000000080e-06
6.800000000000000000e+03 3.368649923000000176e-06
6.795000000000000000e+03 -5.950000000000000207e-07
6.790000000000000000e+03 1.756531273999999982e-06
6.785000000000000000e+03 2.829999999999999798e-07
6.780000000000000000e+03 1.661920396000000002e-06
6.775000000000000000e+03 1.925838004999999955e-06
6.770000000000000000e+03 3.915934940000000178e-06
6.765000000000000000e+03 5.409999999999999872e-07
6.760000000000000000e+03 2.765080425999999939e-06
6.755000000000000000e+03 3.668788994999999920e-06
6.750000000000000000e+03 1.710030482999999866e-06
6.745000000000000000e+03 2.834848710000000247e-06
6.740000000000000000e+03 4.229999999999999629e-07
6.735000000000000000e+03 7.509999999999999883e-07
6.730000000000000000e+03 2.868483425000000057e-06
6.725000000000000000e+03 1.992818869999999845e-06
6.720000000000000000e+03 3.435119287999999605e-06
6.715000000000000000e+03 1.342638425000000015e-06
6.710000000000000000e+03 3.667885611999999968e-06
6.705000000000000000e+03 2.119168638999999817e-06
6.700000000000000000e+03 7.720000000000000837e-07
6.695000000000000000e+03 3.063666226999999982e-06
6.690000000000000000e+03 2.117902767999999962e-06
6.685000000000000000e+03 1.783277403000000020e-06
6.680000000000000000e+03 2.187747158999999898e-06
6.675000000000000000e+03 1.162620174000000013e-06
6.670000000000000000e+03 4.839999999999999400e-07
6.665000000000000000e+03 2.218067675000000151e-06
6.660000000000000000e+03 1.196266312000000073e-06
6.655000000000000000e+03 2.405827836000000082e-06
6.650000000000000000e+03 3.642178781000000045e-06
6.645000000000000000e+03 2.135095710000000003e-06
6.640000000000000000e+03 3.544590436000000369e-06
6.635000000000000000e+03 3.685644187000000220e-06
6.630000000000000000e+03 1.756603159999999862e-06
6.625000000000000000e+03 1.938979985000000120e-06
6.620000000000000000e+03 7.459999999999999302e-07
6.615000000000000000e+03 4.611678304999999794e-06
6.610000000000000000e+03 3.219999999999999452e-07
6.605000000000000000e+03 9.100000000000000753e-07
6.600000000000000000e+03 3.036631096999999904e-06
6.595000000000000000e+03 -2.620000000000000052e-09
6.590000000000000000e+03 3.940000000000000076e-07
6.585000000000000000e+03 1.119999999999999970e-07
6.580000000000000000e+03 1.575424102999999857e-06
6.575000000000000000e+03 2.970000000000000257e-07
6.570000000000000000e+03 2.298620238000000253e-06
6.565000000000000000e+03 3.019999999999999779e-07
6.560000000000000000e+03 5.869999999999999491e-07
6.555000000000000000e+03 1.455573946999999922e-06
6.550000000000000000e+03 7.090000000000000092e-07
6.545000000000000000e+03 1.366688520999999946e-06
6.540000000000000000e+03 2.119999999999999925e-07
6.535000000000000000e+03 2.586577319999999825e-06
6.530000000000000000e+03 2.526311728000000043e-06
6.525000000000000000e+03 3.680000000000000130e-07
6.520000000000000000e+03 1.718337153000000121e-06
6.515000000000000000e+03 1.550402230000000055e-06
6.510000000000000000e+03 -6.409999999999999826e-08
6.505000000000000000e+03 2.380927034999999858e-06
6.500000000000000000e+03 1.183920612999999924e-06
6.495000000000000000e+03 5.149999999999999396e-07
6.490000000000000000e+03 1.611664919999999974e-06
6.485000000000000000e+03 8.890000000000000858e-07
6.480000000000000000e+03 1.907730183999999765e-06
6.475000000000000000e+03 8.839999999999999219e-07
6.470000000000000000e+03 2.213486295999999908e-06
6.465000000000000000e+03 1.302276504999999801e-06
6.460000000000000000e+03 1.292558591000000158e-06
6.455000000000000000e+03 3.306914003999999605e-06
6.450000000000000000e+03 2.395240444000000128e-06
6.445000000000000000e+03 2.728232648000000254e-06
6.440000000000000000e+03 5.850000000000000106e-07
6.435000000000000000e+03 2.268187236000000016e-06
6.430000000000000000e+03 1.202545462999999985e-06
6.425000000000000000e+03 2.061692358000000117e-06
6.420000000000000000e+03 1.611927436999999870e-06
6.415000000000000000e+03 2.064387372000000021e-06
6.410000000000000000e+03 2.316688478000000118e-06
6.405000000000000000e+03 2.444107377000000001e-06
6.400000000000000000e+03 2.131978835999999970e-06
6.395000000000000000e+03 2.174755063999999962e-06
6.390000000000000000e+03 4.150758614000000146e-06
6.385000000000000000e+03 6.910000000000000333e-07
6.380000000000000000e+03 3.976206352999999795e-06
6.375000000000000000e+03 2.981006982999999945e-06
6.370000000000000000e+03 1.748358482000000019e-06
6.365000000000000000e+03 3.861648438000000170e-06
6.360000000000000000e+03 3.309999999999999861e-08
6.355000000000000000e+03 3.146427333999999903e-06
6.350000000000000000e+03 2.427302825000000014e-06
6.345000000000000000e+03 2.948863839000000059e-06
6.340000000000000000e+03 1.620581023999999979e-06
6.335000000000000000e+03 3.444560571000000247e-06
6.330000000000000000e+03 2.539925043999999817e-06
6.325000000000000000e+03 1.566600695000000045e-06
6.320000000000000000e+03 1.947634300000000117e-06
6.315000000000000000e+03 2.449999999999999836e-07
6.310000000000000000e+03 3.345053991999999928e-06
6.305000000000000000e+03 4.200000000000000022e-07
6.300000000000000000e+03 -8.199999999999999311e-08
6.295000000000000000e+03 2.541990252000000186e-06
6.290000000000000000e+03 1.555707277000000021e-06
6.285000000000000000e+03 2.143822202999999881e-06
6.280000000000000000e+03 3.475591366000000464e-06
6.275000000000000000e+03 3.209858841999999953e-06
6.270000000000000000e+03 2.090783964000000230e-06
6.265000000000000000e+03 2.720638877000000150e-06
6.260000000000000000e+03 5.334543530000000485e-06
6.255000000000000000e+03 3.614608722000000174e-06
6.250000000000000000e+03 3.117198356999999851e-06
6.245000000000000000e+03 3.381083660999999614e-06
6.240000000000000000e+03 3.255653428000000060e-06
6.235000000000000000e+03 1.815852592999999928e-06
6.230000000000000000e+03 3.519302117999999763e-06
6.225000000000000000e+03 1.995416824000000030e-06
6.220000000000000000e+03 1.645598386000000040e-06
6.215000000000000000e+03 4.130883898999999846e-06
6.210000000000000000e+03 7.210000000000000637e-07
6.205000000000000000e+03 2.687142114000000164e-06
6.200000000000000000e+03 1.557871728000000087e-06
6.195000000000000000e+03 1.168127128000000029e-06
6.190000000000000000e+03 3.206626860999999851e-06
6.185000000000000000e+03 4.440000000000000053e-07
6.180000000000000000e+03 3.238916978999999889e-06
6.175000000000000000e+03 2.526761672999999877e-06
6.170000000000000000e+03 1.143609552000000077e-06
6.165000000000000000e+03 1.919696660000000184e-06
6.160000000000000000e+03 1.033806910999999929e-06
6.155000000000000000e+03 3.622017393000000103e-06
6.150000000000000000e+03 3.106081566999999945e-06
6.145000000000000000e+03 3.258321375999999826e-06
6.140000000000000000e+03 4.028794647000000035e-06
6.135000000000000000e+03 1.737282873000000101e-06
6.130000000000000000e+03 3.523822524999999906e-06
6.125000000000000000e+03 5.041378899000000350e-06
6.120000000000000000e+03 5.462015979000000015e-06
6.115000000000000000e+03 5.190637893999999511e-06
6.110000000000000000e+03 5.604745819999999658e-06
6.105000000000000000e+03 6.461053271999999755e-06
6.100000000000000000e+03 5.991811048999999700e-06
6.095000000000000000e+03 4.540187656000000285e-06
6.090000000000000000e+03 3.597433969999999836e-06
6.085000000000000000e+03 2.768656413999999927e-06
6.080000000000000000e+03 2.281989290999999719e-06
6.075000000000000000e+03 2.830723532999999560e-06
6.070000000000000000e+03 2.196659334000000156e-06
6.065000000000000000e+03 3.927236830000000260e-06
6.060000000000000000e+03 1.466846733999999994e-06
6.055000000000000000e+03 2.644724154000000015e-06
6.050000000000000000e+03 3.012201923000000451e-06
6.045000000000000000e+03 5.119999999999999260e-07
6.040000000000000000e+03 2.311661083000000211e-06
6.035000000000000000e+03 2.957935502999999810e-06
6.030000000000000000e+03 1.793331466999999953e-06
6.025000000000000000e+03 3.251041926000000131e-06
6.020000000000000000e+03 1.971879827999999799e-06
6.015000000000000000e+03 2.680734324000000012e-06
6.010000000000000000e+03 1.131930984999999972e-06
6.005000000000000000e+03 2.797754423000000079e-06
6.000000000000000000e+03 2.322584186999999925e-06
5.995000000000000000e+03 1.056933688000000013e-06
5.990000000000000000e+03 1.429328840000000029e-06
5.985000000000000000e+03 1.892266882000000008e-06
5.980000000000000000e+03 8.789999999999999698e-07
5.975000000000000000e+03 2.985876636000000026e-06
5.970000000000000000e+03 1.967285497999999904e-06
5.965000000000000000e+03 2.668427187000000198e-06
5.960000000000000000e+03 3.002363373999999745e-06
5.955000000000000000e+03 1.772040123000000106e-06
5.950000000000000000e+03 2.700906770999999943e-06
5.945000000000000000e+03 1.392090053000000001e-06
5.940000000000000000e+03 1.605676516000000083e-06
5.935000000000000000e+03 1.396831067000000054e-06
5.930000000000000000e+03 1.925597898999999933e-06
5.925000000000000000e+03 1.942838280000000218e-06
5.920000000000000000e+03 1.701067376000000141e-06
5.915000000000000000e+03 1.686182659000000145e-06
5.910000000000000000e+03 1.914254825999999856e-06
5.905000000000000000e+03 2.475578512999999943e-06
5.900000000000000000e+03 2.359600621000000274e-06
5.895000000000000000e+03 2.420656529000000139e-06
5.890000000000000000e+03 2.477886155000000308e-06
5.885000000000000000e+03 1.405440852999999988e-06
5.880000000000000000e+03 2.921403793000000201e-06
5.875000000000000000e+03 3.202490043000000241e-06
5.870000000000000000e+03 9.919999999999999890e-07
5.865000000000000000e+03 1.171658951000000004e-06
5.860000000000000000e+03 3.148985269999999977e-06
5.855000000000000000e+03 1.797073782999999996e-06
5.850000000000000000e+03 3.179667110000000148e-06
5.845000000000000000e+03 -2.060147817000000110e-06
5.840000000000000000e+03 2.539395646000000288e-06
5.835000000000000000e+03 1.879441843000000227e-06
5.830000000000000000e+03 3.477561985999999918e-06
5.825000000000000000e+03 1.506691477999999909e-06
5.820000000000000000e+03 3.012638771999999790e-06
5.815000000000000000e+03 2.207808137999999937e-06
5.810000000000000000e+03 3.537608717999999880e-06
5.805000000000000000e+03 2.648908702999999657e-06
5.800000000000000000e+03 1.209466645000000049e-06
5.795000000000000000e+03 1.810414833000000191e-06
5.790000000000000000e+03 2.609215152999999743e-06
5.785000000000000000e+03 5.649999999999999903e-07
5.780000000000000000e+03 1.552048343000000055e-06
5.775000000000000000e+03 1.253626688000000198e-06
5.770000000000000000e+03 2.566803886999999947e-06
5.765000000000000000e+03 4.759999999999999742e-07
5.760000000000000000e+03 1.908653793999999927e-06
5.755000000000000000e+03 1.117397114000000000e-06
5.750000000000000000e+03 2.413871698000000338e-06
5.745000000000000000e+03 3.088353551000000113e-06
5.740000000000000000e+03 1.039874404999999998e-06
5.735000000000000000e+03 2.029999999999999781e-07
5.730000000000000000e+03 9.260000000000000068e-07
5.725000000000000000e+03 1.081211739999999938e-06
5.720000000000000000e+03 4.899999999999999540e-08
5.715000000000000000e+03 2.144848113000000135e-06
5.710000000000000000e+03 9.060000000000000924e-07
5.705000000000000000e+03 -5.220000000000000420e-07
5.700000000000000000e+03 4.006864037000000431e-06
5.695000000000000000e+03 -6.830000000000000676e-07
5.690000000000000000e+03 1.168571324999999977e-06
5.685000000000000000e+03 1.740346052000000068e-06
5.680000000000000000e+03 1.695571117999999961e-06
5.675000000000000000e+03 1.856167363999999892e-06
5.670000000000000000e+03 1.533104805000000155e-06
5.665000000000000000e+03 2.528809126999999583e-06
5.660000000000000000e+03 2.790979050999999967e-06
5.655000000000000000e+03 1.436477759999999930e-06
5.650000000000000000e+03 2.393611066999999851e-06
5.645000000000000000e+03 1.701834990000000035e-06
5.640000000000000000e+03 1.567138243000000127e-06
5.635000000000000000e+03 -1.770000000000000100e-07
5.630000000000000000e+03 1.405681251000000010e-06
5.625000000000000000e+03 1.060852228000000009e-06
5.620000000000000000e+03 1.733178942000000039e-06
5.615000000000000000e+03 2.798747737000000252e-06
5.610000000000000000e+03 1.330550003000000024e-06
5.605000000000000000e+03 3.610571147999999735e-06
5.600000000000000000e+03 1.473896118000000089e-06
5.595000000000000000e+03 3.016749688000000097e-06
5.590000000000000000e+03 2.857173385999999743e-06
5.585000000000000000e+03 1.681614957999999967e-06
5.580000000000000000e+03 1.024704033999999927e-06
5.575000000000000000e+03 1.361056346999999917e-06
5.570000000000000000e+03 3.991685807999999595e-06
5.565000000000000000e+03 2.128788327999999857e-06
5.560000000000000000e+03 2.511151833000000280e-06
5.555000000000000000e+03 2.070192276999999932e-06
5.550000000000000000e+03 7.119999999999999170e-07
5.545000000000000000e+03 3.547810193000000174e-06
5.540000000000000000e+03 1.103536851999999956e-06
5.535000000000000000e+03 1.913633750999999912e-06
5.530000000000000000e+03 7.389999999999999337e-07
5.525000000000000000e+03 3.024730831000000163e-06
5.520000000000000000e+03 8.849999999999999970e-07
5.515000000000000000e+03 7.789999999999999743e-07
5.510000000000000000e+03 2.833701437000000100e-06
5.505000000000000000e+03 2.586322661999999956e-06
5.500000000000000000e+03 2.891916083000000215e-06
5.495000000000000000e+03 5.470000000000000144e-07
5.490000000000000000e+03 2.074562652999999952e-06
5.485000000000000000e+03 1.976610801999999854e-06
5.480000000000000000e+03 2.268217066999999913e-06
5.475000000000000000e+03 1.198535101000000001e-06
5.470000000000000000e+03 3.962156770000000464e-06
5.465000000000000000e+03 7.330000000000000124e-07
5.460000000000000000e+03 2.376858610999999954e-06
5.455000000000000000e+03 1.001271156999999927e-06
5.450000000000000000e+03 1.426452944999999901e-06
5.445000000000000000e+03 1.174159333000000095e-06
5.440000000000000000e+03 2.003119735000000051e-06
5.435000000000000000e+03 9.670000000000000166e-07
5.430000000000000000e+03 3.942524489999999633e-06
5.425000000000000000e+03 1.987269351999999800e-06
5.420000000000000000e+03 2.088841429000000057e-06
5.415000000000000000e+03 2.459337702000000079e-06
5.410000000000000000e+03 2.393395988999999986e-06
5.405000000000000000e+03 2.874301862999999826e-06
5.400000000000000000e+03 2.368093701000000162e-06
5.395000000000000000e+03 1.688182092000000038e-06
5.390000000000000000e+03 3.112204139999999806e-06
5.385000000000000000e+03 4.383880295999999325e-06
5.380000000000000000e+03 2.699175965999999773e-06
5.375000000000000000e+03 4.160562529999999841e-06
5.370000000000000000e+03 3.430576179999999806e-06
5.365000000000000000e+03 6.660000000000000609e-07
5.360000000000000000e+03 1.308029022999999944e-06
5.355000000000000000e+03 1.831792323999999874e-06
5.350000000000000000e+03 8.740000000000000176e-07
5.345000000000000000e+03 2.674016868999999824e-06
5.340000000000000000e+03 2.331694996000000113e-06
5.335000000000000000e+03 2.292074641000000275e-06
5.330000000000000000e+03 3.127320379000000026e-06
5.325000000000000000e+03 2.109036432000000071e-06
5.320000000000000000e+03 3.682925016999999935e-06
5.315000000000000000e+03 1.025399687999999884e-06
5.310000000000000000e+03 4.415686708000000409e-06
5.305000000000000000e+03 3.542050835999999892e-06
5.300000000000000000e+03 3.060762246999999938e-06
5.295000000000000000e+03 3.979634493999999958e-06
5.290000000000000000e+03 3.497773431999999969e-06
5.285000000000000000e+03 2.985582105000000043e-06
5.280000000000000000e+03 2.303231449000000291e-06
5.275000000000000000e+03 3.448564093999999880e-06
5.270000000000000000e+03 4.731392545999999989e-06
5.265000000000000000e+03 2.925169246999999896e-06
5.260000000000000000e+03 1.685022871000000022e-06
5.255000000000000000e+03 2.574185492000000162e-06
5.250000000000000000e+03 5.125025636999999778e-06
5.245000000000000000e+03 2.977787808000000345e-06
5.240000000000000000e+03 5.060206167000000303e-06
5.235000000000000000e+03 3.663099777999999961e-06
5.230000000000000000e+03 3.268544387999999789e-06
5.225000000000000000e+03 4.387577645999999731e-06
5.220000000000000000e+03 2.708857064000000121e-06
5.215000000000000000e+03 5.688129458999999196e-06
5.210000000000000000e+03 5.703668576000000485e-06
5.205000000000000000e+03 4.535222250999999724e-06
5.200000000000000000e+03 4.093156895000000065e-06
5.195000000000000000e+03 4.910723655000000205e-06
5.190000000000000000e+03 3.311320907000000095e-06
5.185000000000000000e+03 3.508924565000000046e-06
5.180000000000000000e+03 4.125100967999999812e-06
5.175000000000000000e+03 3.071791724999999911e-06
5.170000000000000000e+03 3.843998419999999732e-06
5.165000000000000000e+03 4.512049199999999917e-06
5.160000000000000000e+03 5.731792188999999420e-06
5.155000000000000000e+03 4.052003204999999999e-06
5.150000000000000000e+03 4.705476749000000349e-06
5.145000000000000000e+03 4.824239585999999721e-06
5.140000000000000000e+03 3.781852428999999864e-06
5.135000000000000000e+03 3.649480058999999724e-06
5.130000000000000000e+03 4.095781477999999755e-06
5.125000000000000000e+03 4.098746575999999794e-06
5.120000000000000000e+03 4.767653007999999899e-06
5.115000000000000000e+03 5.011443282000000087e-06
5.110000000000000000e+03 4.116687341999999939e-06
5.105000000000000000e+03 2.164216567000000027e-06
5.100000000000000000e+03 3.411267826000000239e-06
5.095000000000000000e+03 3.159108455000000242e-06
5.090000000000000000e+03 2.830426092000000244e-06
5.085000000000000000e+03 2.881514374000000116e-06
5.080000000000000000e+03 1.910231949000000108e-06
5.075000000000000000e+03 1.691014913000000192e-06
5.070000000000000000e+03 2.608124922999999949e-06
5.065000000000000000e+03 2.989886852000000116e-06
5.060000000000000000e+03 2.050071779999999773e-06
5.055000000000000000e+03 5.123755544999999963e-06
5.050000000000000000e+03 2.903633284999999966e-06
5.045000000000000000e+03 1.174693097999999901e-06
5.040000000000000000e+03 1.699099521000000024e-06
5.035000000000000000e+03 1.678346306999999829e-06
5.030000000000000000e+03 3.368433099000000119e-06
5.025000000000000000e+03 2.240721660000000215e-06
5.020000000000000000e+03 1.826050429000000044e-06
5.015000000000000000e+03 7.810000000000000187e-07
5.010000000000000000e+03 6.870000000000000504e-07
5.005000000000000000e+03 2.047431334999999930e-06
5.000000000000000000e+03 2.020467945999999947e-06
4.995000000000000000e+03 3.077522852000000067e-06
4.990000000000000000e+03 1.830856345000000053e-06
4.985000000000000000e+03 6.889999999999999889e-07
4.980000000000000000e+03 7.980000000000000253e-07
4.975000000000000000e+03 3.169999999999999931e-07
4.970000000000000000e+03 5.149999999999999396e-07
4.965000000000000000e+03 -9.889999999999999754e-07
4.960000000000000000e+03 6.179999999999999487e-07
4.955000000000000000e+03 1.074043538999999868e-06
4.950000000000000000e+03 2.371932204999999937e-06
4.945000000000000000e+03 2.086560707999999833e-06
4.940000000000000000e+03 7.669999999999999198e-07
4.935000000000000000e+03 2.820000000000000105e-07
4.930000000000000000e+03 1.547146820999999884e-06
4.925000000000000000e+03 1.028393380999999995e-06
4.920000000000000000e+03 1.115586418999999926e-06
4.915000000000000000e+03 2.971969951999999935e-06
4.910000000000000000e+03 2.027873124000000016e-06
4.905000000000000000e+03 3.906660713000000327e-06
4.900000000000000000e+03 4.919017664999999852e-06
4.895000000000000000e+03 1.808704545999999910e-06
4.890000000000000000e+03 2.472040650999999978e-06
4.885000000000000000e+03 3.437075938999999738e-06
4.880000000000000000e+03 3.613097942000000132e-06
4.875000000000000000e+03 1.311155355999999879e-06
4.870000000000000000e+03 1.526354753999999887e-06
4.865000000000000000e+03 3.254041076000000026e-06
4.860000000000000000e+03 2.332528529000000159e-06
4.855000000000000000e+03 3.713646728999999898e-06
4.850000000000000000e+03 4.697792465000000241e-06
4.845000000000000000e+03 -4.949999999999999194e-07
4.840000000000000000e+03 6.139999999999999659e-07
4.835000000000000000e+03 1.855005684999999791e-06
4.830000000000000000e+03 4.010000000000000041e-07
4.825000000000000000e+03 2.564013702999999769e-06
4.820000000000000000e+03 1.569474844000000192e-06
4.815000000000000000e+03 2.598207502000000279e-06
4.810000000000000000e+03 2.518041873999999930e-06
4.805000000000000000e+03 1.249999999999999943e-07
4.800000000000000000e+03 2.261620247999999839e-06
4.795000000000000000e+03 -8.549999999999999137e-08
4.790000000000000000e+03 1.829705143000000160e-06
4.785000000000000000e+03 3.370000000000000133e-07
4.780000000000000000e+03 6.989999999999999991e-07
4.775000000000000000e+03 1.048327686000000041e-06
4.770000000000000000e+03 3.462438180999999993e-06
4.765000000000000000e+03 -1.084767281999999873e-06
4.760000000000000000e+03 2.400000000000000315e-07
4.755000000000000000e+03 6.760000000000000711e-07
4.750000000000000000e+03 8.459999999999999257e-07
4.745000000000000000e+03 1.029245031999999907e-06
4.740000000000000000e+03 2.428301086000000028e-06
4.735000000000000000e+03 6.239999999999999760e-07
4.730000000000000000e+03 2.016462240000000336e-06
4.725000000000000000e+03 2.315477176999999797e-06
4.720000000000000000e+03 2.050399926000000251e-06
4.715000000000000000e+03 2.637022699000000193e-06
4.710000000000000000e+03 1.233629445999999806e-06
4.705000000000000000e+03 2.338611957000000007e-06
4.700000000000000000e+03 1.917920162999999861e-06
4.695000000000000000e+03 7.770000000000000358e-07
4.690000000000000000e+03 6.179999999999999487e-07
4.685000000000000000e+03 7.959999999999999809e-07
4.680000000000000000e+03 -8.119999999999999124e-07
4.675000000000000000e+03 1.366356300000000039e-06
4.670000000000000000e+03 1.828515378000000033e-06
4.665000000000000000e+03 1.805698557000000089e-06
4.660000000000000000e+03 1.208555113000000077e-06
4.655000000000000000e+03 1.836244192000000102e-06
4.650000000000000000e+03 3.679935471000000150e-06
4.645000000000000000e+03 1.050000000000000005e-07
4.640000000000000000e+03 1.979811640999999856e-06
4.635000000000000000e+03 9.619999999999998527e-07
4.630000000000000000e+03 3.018383867999999691e-06
4.625000000000000000e+03 -3.619999999999999857e-07
4.620000000000000000e+03 8.150000000000000319e-07
4.615000000000000000e+03 1.445198868000000073e-06
4.610000000000000000e+03 1.124790432999999932e-06
4.605000000000000000e+03 3.479218576000000124e-06
4.600000000000000000e+03 8.470000000000000008e-07
4.595000000000000000e+03 1.033538500999999938e-06
4.590000000000000000e+03 7.270000000000000910e-07
4.585000000000000000e+03 2.364399552000000250e-06
4.580000000000000000e+03 3.050643135999999840e-06
4.575000000000000000e+03 3.186112152999999803e-06
4.570000000000000000e+03 3.712898178000000016e-06
4.565000000000000000e+03 8.600000000000000246e-07
4.560000000000000000e+03 -1.879999999999999894e-07
4.555000000000000000e+03 2.326051180999999890e-06
4.550000000000000000e+03 1.871979183999999910e-06
4.545000000000000000e+03 1.395257276999999931e-06
4.540000000000000000e+03 1.546775311000000075e-06
4.535000000000000000e+03 1.313488027999999985e-06
4.530000000000000000e+03 4.559999999999999540e-07
4.525000000000000000e+03 1.075432956000000018e-06
4.520000000000000000e+03 1.133019176999999996e-06
4.515000000000000000e+03 3.283494443000000264e-06
4.510000000000000000e+03 1.824224309999999924e-06
4.505000000000000000e+03 2.964819432000000158e-06
4.500000000000000000e+03 2.139326824999999792e-06
4.495000000000000000e+03 -8.190000000000000148e-07
4.490000000000000000e+03 3.729999999999999651e-07
4.485000000000000000e+03 1.117753635999999862e-06
4.480000000000000000e+03 3.379004775000000237e-06
4.475000000000000000e+03 1.413027931000000060e-06
4.470000000000000000e+03 2.233717241000000070e-06
4.465000000000000000e+03 1.965624978999999951e-06
4.460000000000000000e+03 3.701383248000000050e-06
4.455000000000000000e+03 2.545896276999999995e-06
4.450000000000000000e+03 4.835196595999999820e-06
4.445000000000000000e+03 2.531488135000000083e-06
4.440000000000000000e+03 4.822151967999999586e-06
4.435000000000000000e+03 3.238555219000000084e-06
4.430000000000000000e+03 3.986051596999999482e-06
4.425000000000000000e+03 3.984479407999999555e-06
4.420000000000000000e+03 2.844144765000000082e-06
4.415000000000000000e+03 5.632733809999999912e-06
4.410000000000000000e+03 3.519424645000000066e-06
4.405000000000000000e+03 1.871233690000000000e-06
4.400000000000000000e+03 6.827069446000000585e-06
4.395000000000000000e+03 5.686016519999999218e-06
4.390000000000000000e+03 6.149269175000000242e-06
4.385000000000000000e+03 6.530032259999999869e-06
4.380000000000000000e+03 6.445851759000000430e-06
4.375000000000000000e+03 5.274069263000000030e-06
4.370000000000000000e+03 3.621423383999999873e-06
4.365000000000000000e+03 5.175821716000000065e-06
4.360000000000000000e+03 4.073558084000000259e-06
4.355000000000000000e+03 5.971769569000000195e-06
4.350000000000000000e+03 1.340353338000000046e-06
4.345000000000000000e+03 2.601534070000000129e-06
4.340000000000000000e+03 3.986120282000000350e-06
4.335000000000000000e+03 3.633719462000000122e-06
4.330000000000000000e+03 1.519603101999999846e-06
4.325000000000000000e+03 2.920895348999999814e-06
4.320000000000000000e+03 3.401113499000000298e-06
4.315000000000000000e+03 3.566546948000000123e-06
4.310000000000000000e+03 4.245783783999999696e-06
4.305000000000000000e+03 2.697528980000000100e-06
4.300000000000000000e+03 8.169999999999999704e-07
4.295000000000000000e+03 3.998775792000000006e-06
4.290000000000000000e+03 3.261948295000000019e-06
4.285000000000000000e+03 3.151434066000000135e-06
4.280000000000000000e+03 1.677531545000000007e-06
4.275000000000000000e+03 4.775922279999999807e-06
4.270000000000000000e+03 -2.266632508999999693e-06
4.265000000000000000e+03 2.129484783000000073e-06
4.260000000000000000e+03 1.565372950000000001e-06
4.255000000000000000e+03 2.550381760000000082e-06
4.250000000000000000e+03 2.218482405000000039e-06
4.245000000000000000e+03 3.028659266000000160e-06
4.240000000000000000e+03 4.621651024000000368e-06
4.235000000000000000e+03 -5.519999999999999666e-07
4.230000000000000000e+03 8.160000000000000012e-07
4.225000000000000000e+03 1.305533659999999954e-06
4.220000000000000000e+03 2.956865063999999916e-06
4.215000000000000000e+03 5.423253169000000081e-06
4.210000000000000000e+03 2.133464731999999954e-06
4.205000000000000000e+03 -2.419999999999999700e-07
4.200000000000000000e+03 3.227542910999999927e-06
4.195000000000000000e+03 1.760000000000000209e-08
4.190000000000000000e+03 2.037317900000000093e-06
4.185000000000000000e+03 3.056683927000000135e-06
4.180000000000000000e+03 3.544987412000000017e-06
4.175000000000000000e+03 9.160579648000000724e-06
4.170000000000000000e+03 1.139385741999999957e-05
4.165000000000000000e+03 1.845964813000000099e-05
4.160000000000000000e+03 1.387831987999999902e-05
4.155000000000000000e+03 1.924814539999999909e-05
4.150000000000000000e+03 1.431272947000000059e-05
4.145000000000000000e+03 1.179033774000000138e-05
4.140000000000000000e+03 6.976985604999999630e-06
4.135000000000000000e+03 3.501485044000000229e-06
4.130000000000000000e+03 4.125858249999999708e-06
4.125000000000000000e+03 -4.699999999999999470e-07
4.120000000000000000e+03 8.289999999999999191e-07
4.115000000000000000e+03 9.919999999999999890e-07
4.110000000000000000e+03 1.193679200000000042e-06
4.105000000000000000e+03 1.530505688000000093e-06
4.100000000000000000e+03 3.372651408000000252e-06
4.095000000000000000e+03 2.187474165000000007e-06
4.090000000000000000e+03 -5.219999999999999758e-08
4.085000000000000000e+03 1.989999999999999952e-07
4.080000000000000000e+03 1.328933140000000037e-06
4.075000000000000000e+03 2.162372548000000196e-06
4.070000000000000000e+03 2.791631268000000011e-06
4.065000000000000000e+03 2.223360351999999925e-06
4.060000000000000000e+03 5.098764085999999738e-06
4.055000000000000000e+03 1.560754172000000148e-06
4.050000000000000000e+03 8.919999999999999935e-07
4.045000000000000000e+03 6.239999999999999760e-07
4.040000000000000000e+03 1.713577512000000156e-06
4.035000000000000000e+03 2.011636242999999797e-06
4.030000000000000000e+03 3.546948719000000099e-06
4.025000000000000000e+03 4.002387285999999831e-06
4.020000000000000000e+03 -6.910000000000000333e-07
4.015000000000000000e+03 1.604378631000000140e-06
4.010000000000000000e+03 2.142991434000000120e-06
4.005000000000000000e+03 3.437881532999999973e-06
4.000000000000000000e+03 8.830000000000000585e-07
3.995000000000000000e+03 2.811064477999999753e-06
3.990000000000000000e+03 6.047608331000000173e-06
3.985000000000000000e+03 -1.829831453999999790e-06
3.980000000000000000e+03 2.276962040999999809e-06
3.975000000000000000e+03 2.336393662999999760e-06
3.970000000000000000e+03 -1.799999999999999971e-07
3.965000000000000000e+03 9.519999999999999484e-07
3.960000000000000000e+03 2.050697948999999773e-06
3.955000000000000000e+03 1.284099562000000017e-06
3.950000000000000000e+03 2.007272559999999811e-06
3.945000000000000000e+03 3.880000000000000333e-08
3.940000000000000000e+03 -1.901663053999999957e-06
3.935000000000000000e+03 -1.098656429999999880e-06
3.930000000000000000e+03 1.277945265999999959e-06
3.925000000000000000e+03 1.430496341000000072e-06
3.920000000000000000e+03 2.857035723999999913e-06
3.915000000000000000e+03 1.900000000000000073e-07
3.910000000000000000e+03 2.512325881999999724e-06
3.905000000000000000e+03 2.519999999999999801e-07
3.900000000000000000e+03 9.360000000000000169e-07
3.895000000000000000e+03 3.675273038000000016e-06
3.890000000000000000e+03 -2.116513059999999921e-06
3.885000000000000000e+03 1.770533417999999918e-06
3.880000000000000000e+03 1.973476464999999896e-06
3.875000000000000000e+03 1.527286949999999855e-06
3.870000000000000000e+03 2.726587700000000139e-06
3.865000000000000000e+03 4.967902204999999749e-06
3.860000000000000000e+03 4.546804993999999511e-06
3.855000000000000000e+03 5.093422950999999307e-06
3.850000000000000000e+03 1.023369492000000101e-05
3.845000000000000000e+03 1.197803299999999977e-05
3.840000000000000000e+03 1.342977746000000055e-05
3.835000000000000000e+03 1.860015559999999841e-05
3.830000000000000000e+03 2.193717983999999866e-05
3.825000000000000000e+03 2.220683264999999851e-05
3.820000000000000000e+03 1.885583741000000077e-05
3.815000000000000000e+03 1.730522722999999812e-05
3.810000000000000000e+03 8.496832452000000098e-06
3.805000000000000000e+03 6.887915660999999685e-06
3.800000000000000000e+03 5.158542190000000613e-06
3.795000000000000000e+03 -3.130000000000000234e-08
3.790000000000000000e+03 3.914622065999999967e-06
3.785000000000000000e+03 5.149576463999999963e-06
3.780000000000000000e+03 5.139799323000000515e-06
3.775000000000000000e+03 5.797306075999999976e-06
3.770000000000000000e+03 1.048603794000000089e-05
3.765000000000000000e+03 1.214304705999999965e-05
3.760000000000000000e+03 1.566504594000000015e-05
3.755000000000000000e+03 1.580892363999999889e-05
3.750000000000000000e+03 1.226041582000000060e-05
3.745000000000000000e+03 1.279104733999999937e-05
3.740000000000000000e+03 1.070073223999999910e-05
3.735000000000000000e+03 1.284852041999999985e-05
3.730000000000000000e+03 9.731634054000000211e-06
3.725000000000000000e+03 1.021924545000000068e-05
3.720000000000000000e+03 9.023479070000000609e-06
3.715000000000000000e+03 8.239341551000000524e-06
3.710000000000000000e+03 4.920177161999999872e-06
3.705000000000000000e+03 3.713952027999999979e-06
3.700000000000000000e+03 1.469083654000000043e-06
3.695000000000000000e+03 2.028583548999999875e-06
3.690000000000000000e+03 3.361961862999999998e-06
3.685000000000000000e+03 3.335524234000000112e-06
3.680000000000000000e+03 3.486911882999999611e-06
3.675000000000000000e+03 6.082409526999999927e-06
3.670000000000000000e+03 1.244207377999999960e-06
3.665000000000000000e+03 3.099019232000000198e-06
3.660000000000000000e+03 4.965373082000000326e-06
3.655000000000000000e+03 5.404725088999999957e-06
3.650000000000000000e+03 3.848798806000000434e-06
3.645000000000000000e+03 4.393156268999999369e-06
3.640000000000000000e+03 6.075933924999999850e-06
3.635000000000000000e+03 1.850375846999999841e-06
3.630000000000000000e+03 2.131428628000000127e-06
3.625000000000000000e+03 3.992811253000000182e-06
3.620000000000000000e+03 4.836171573999999972e-06
3.615000000000000000e+03 4.720749565999999984e-06
3.610000000000000000e+03 6.171840359000000325e-06
3.605000000000000000e+03 3.535766737000000031e-06
3.600000000000000000e+03 -1.518578937999999996e-06
3.595000000000000000e+03 2.739357296000000078e-06
3.590000000000000000e+03 3.839999999999999974e-07
3.585000000000000000e+03 3.190380230000000051e-06
3.580000000000000000e+03 1.373025297999999891e-06
3.575000000000000000e+03 2.695299044999999660e-06
3.570000000000000000e+03 -1.536757482000000188e-06
3.565000000000000000e+03 1.833014103000000087e-06
3.560000000000000000e+03 3.273772017999999822e-06
3.555000000000000000e+03 1.568794105000000022e-06
3.550000000000000000e+03 1.935508626000000096e-06
3.545000000000000000e+03 3.206811380000000142e-06
3.540000000000000000e+03 3.304650017999999630e-06
3.535000000000000000e+03 1.970000000000000038e-07
3.530000000000000000e+03 1.601621770999999930e-06
3.525000000000000000e+03 3.424188470999999971e-06
3.520000000000000000e+03 1.924860552999999934e-06
3.515000000000000000e+03 5.719999999999999868e-07
3.510000000000000000e+03 1.720000000000000049e-07
3.505000000000000000e+03 1.955397893000000245e-06
3.500000000000000000e+03 3.189893904999999963e-06
3.495000000000000000e+03 8.830000000000000585e-07
3.490000000000000000e+03 -1.603509590000000038e-06
3.485000000000000000e+03 -2.949999999999999814e-07
3.480000000000000000e+03 -3.669999999999999908e-07
3.475000000000000000e+03 2.327176916999999945e-06
3.470000000000000000e+03 3.231903246999999948e-06
3.465000000000000000e+03 2.204611810000000312e-06
3.460000000000000000e+03 2.754631568999999912e-06
3.455000000000000000e+03 -1.319980510999999992e-06
3.450000000000000000e+03 2.669999999999999953e-07
3.445000000000000000e+03 2.565777976999999693e-06
3.440000000000000000e+03 2.409999999999999743e-08
3.435000000000000000e+03 1.020000000000000001e-07
3.430000000000000000e+03 -1.889999999999999851e-07
3.425000000000000000e+03 1.248445477999999994e-06
3.420000000000000000e+03 1.963913673999999789e-06
3.415000000000000000e+03 2.045970905000000209e-06
3.410000000000000000e+03 2.090907219000000209e-06
3.405000000000000000e+03 2.889606985000000073e-06
3.400000000000000000e+03 3.199045895999999826e-06
3.395000000000000000e+03 -2.914358046999999962e-06
3.390000000000000000e+03 -3.289999999999999946e-07
3.385000000000000000e+03 2.025358116999999706e-06
3.380000000000000000e+03 2.580325236000000160e-06
3.375000000000000000e+03 -1.249999999999999943e-07
3.370000000000000000e+03 6.720000000000000617e-08
3.365000000000000000e+03 1.999490922999999874e-06
3.360000000000000000e+03 5.869999999999999491e-07
3.355000000000000000e+03 1.879999999999999894e-07
3.350000000000000000e+03 -9.940000000000001392e-07
3.345000000000000000e+03 -2.540000000000000328e-09
3.340000000000000000e+03 1.032983855000000090e-06
3.335000000000000000e+03 1.509999999999999889e-07
3.330000000000000000e+03 -8.690000000000000390e-08
3.325000000000000000e+03 4.220000000000000465e-07
3.320000000000000000e+03 1.331884996000000109e-06
3.315000000000000000e+03 2.617048158000000093e-06
3.310000000000000000e+03 3.729999999999999651e-07
3.305000000000000000e+03 1.406299125000000095e-06
3.300000000000000000e+03 4.354102712000000049e-06
3.295000000000000000e+03 1.570000000000000162e-08
3.290000000000000000e+03 -1.423895301000000039e-06
3.285000000000000000e+03 1.119999999999999970e-07
3.280000000000000000e+03 2.860000000000000133e-08
3.275000000000000000e+03 5.004693521000000235e-06
3.270000000000000000e+03 -1.456112950000000094e-06
3.265000000000000000e+03 2.069999999999999875e-07
3.260000000000000000e+03 -1.102974347000000081e-06
3.255000000000000000e+03 -5.360000000000000350e-07
3.250000000000000000e+03 -2.580000000000000074e-07
3.245000000000000000e+03 2.102888684000000261e-06
3.240000000000000000e+03 3.830000000000000282e-07
3.235000000000000000e+03 1.981827808999999787e-06
3.230000000000000000e+03 1.898321934000000048e-06
3.225000000000000000e+03 6.369999999999999998e-07
3.220000000000000000e+03 -1.860000000000000244e-07
3.215000000000000000e+03 1.570871245000000053e-06
3.210000000000000000e+03 1.416707382000000017e-06
3.205000000000000000e+03 2.003262051999999932e-06
3.200000000000000000e+03 2.416911884000000013e-06
3.195000000000000000e+03 1.681248540999999892e-06
3.190000000000000000e+03 1.535493938999999883e-06
3.185000000000000000e+03 3.970735705999999663e-06
3.180000000000000000e+03 -1.350000000000000045e-07
3.175000000000000000e+03 3.013623645999999841e-06
3.170000000000000000e+03 1.073099483999999975e-06
3.165000000000000000e+03 3.445066685999999914e-06
3.160000000000000000e+03 3.739999999999999873e-07
3.155000000000000000e+03 1.767907816000000025e-06
3.150000000000000000e+03 1.762992470000000105e-06
3.145000000000000000e+03 1.541327656000000125e-06
3.140000000000000000e+03 2.560041902999999696e-06
3.135000000000000000e+03 2.691863629000000106e-06
3.130000000000000000e+03 9.919999999999999890e-07
3.125000000000000000e+03 9.299999999999999897e-07
3.120000000000000000e+03 3.074679989000000120e-06
3.115000000000000000e+03 1.253578084000000070e-06
3.110000000000000000e+03 1.658686670000000029e-06
3.105000000000000000e+03 3.089999999999999744e-07
3.100000000000000000e+03 1.123244364999999997e-06
3.095000000000000000e+03 -4.329999999999999730e-08
3.090000000000000000e+03 -2.069999999999999875e-07
3.085000000000000000e+03 1.517089839999999831e-06
3.080000000000000000e+03 1.748680660999999922e-06
3.075000000000000000e+03 -1.174974021999999971e-06
3.070000000000000000e+03 1.947414858000000092e-06
3.065000000000000000e+03 6.700000000000000438e-07
3.060000000000000000e+03 -1.138571387999999963e-06
3.055000000000000000e+03 -7.660000000000000564e-07
3.050000000000000000e+03 2.475618094000000268e-06
3.045000000000000000e+03 -1.629999999999999905e-07
3.040000000000000000e+03 -1.629999999999999905e-07
3.035000000000000000e+03 4.402442719000000043e-06
3.030000000000000000e+03 3.770000000000000009e-07
3.025000000000000000e+03 7.449999999999999610e-07
3.020000000000000000e+03 1.369999999999999959e-07
3.015000000000000000e+03 8.660000000000000519e-07
3.010000000000000000e+03 5.450000000000000759e-07
3.005000000000000000e+03 9.979999999999999368e-08
3.000000000000000000e+03 1.581953984000000000e-06
