1.100000000000000000e+04 2.209868654999999854e-04
1.099500000000000000e+04 2.280938998000000119e-04
1.099000000000000000e+04 2.321487478999999883e-04
1.098500000000000000e+04 2.318976261000000032e-04
1.098000000000000000e+04 2.358876169000000231e-04
1.097500000000000000e+04 2.389187366000000083e-04
1.097000000000000000e+04 2.440965548000000106e-04
1.096500000000000000e+04 2.681433782000000013e-04
1.096000000000000000e+04 2.635941467999999691e-04
1.095500000000000000e+04 2.752543986000000162e-04
1.095000000000000000e+04 2.808742224999999999e-04
1.094500000000000000e+04 2.987063862000000221e-04
1.094000000000000000e+04 2.980897016999999971e-04
1.093500000000000000e+04 3.230346739000000233e-04
1.093000000000000000e+04 3.326205163999999609e-04
1.092500000000000000e+04 3.341652824999999925e-04
1.092000000000000000e+04 3.524138777999999937e-04
1.091500000000000000e+04 3.743652626999999754e-04
1.091000000000000000e+04 3.769356011999999484e-04
1.090500000000000000e+04 3.925652428999999656e-04
1.090000000000000000e+04 4.019920154999999883e-04
1.089500000000000000e+04 4.179493709999999602e-04
1.089000000000000000e+04 4.154612496000000097e-04
1.088500000000000000e+04 4.186396672999999802e-04
1.088000000000000000e+04 4.137063771000000023e-04
1.087500000000000000e+04 4.151475429999999865e-04
1.087000000000000000e+04 4.099346325000000025e-04
1.086500000000000000e+04 4.010093584999999995e-04
1.086000000000000000e+04 3.707017750000000207e-04
1.085500000000000000e+04 3.581196814999999920e-04
1.085000000000000000e+04 3.272559121000000030e-04
1.084500000000000000e+04 3.204271569999999963e-04
1.084000000000000000e+04 2.825134992999999697e-04
1.083500000000000000e+04 2.644953503999999847e-04
1.083000000000000000e+04 2.455271966999999795e-04
1.082500000000000000e+04 2.131702006000000106e-04
1.082000000000000000e+04 1.929136551999999824e-04
1.081500000000000000e+04 1.837347820000000056e-04
1.081000000000000000e+04 1.663056946999999736e-04
1.080500000000000000e+04 1.573773846000000079e-04
1.080000000000000000e+04 1.335200201999999935e-04
1.079500000000000000e+04 1.248472277000000014e-04
1.079000000000000000e+04 1.164884400000000037e-04
1.078500000000000000e+04 1.006139162999999942e-04
1.078000000000000000e+04 9.145861492000000124e-05
1.077500000000000000e+04 8.218606933999999837e-05
1.077000000000000000e+04 8.011786267000000196e-05
1.076500000000000000e+04 8.268670178999998788e-05
1.076000000000000000e+04 7.395684252999999882e-05
1.075500000000000000e+04 6.628158501999999771e-05
1.075000000000000000e+04 5.974529777000000055e-05
1.074500000000000000e+04 5.931483115999999870e-05
1.074000000000000000e+04 4.028325900000000225e-05
1.073500000000000000e+04 4.556567874000000358e-05
1.073000000000000000e+04 4.534017759999999669e-05
1.072500000000000000e+04 4.161412361999999740e-05
1.072000000000000000e+04 3.364514560000000020e-05
1.071500000000000000e+04 4.403340629999999542e-05
1.071000000000000000e+04 3.126956289999999672e-05
1.070500000000000000e+04 4.257101099999999959e-05
1.070000000000000000e+04 2.540766029000000298e-05
1.069500000000000000e+04 3.485418390000000042e-05
1.069000000000000000e+04 3.053234424000000197e-05
1.068500000000000000e+04 2.937885233999999699e-05
1.068000000000000000e+04 2.645876723999999704e-05
1.067500000000000000e+04 2.430344233000000098e-05
1.067000000000000000e+04 2.503996481999999814e-05
1.066500000000000000e+04 2.808940829999999914e-05
1.066000000000000000e+04 2.179526724000000010e-05
1.065500000000000000e+04 2.256308915000000153e-05
1.065000000000000000e+04 3.578975797000000312e-05
1.064500000000000000e+04 2.610867376999999909e-05
1.064000000000000000e+04 1.974561484999999976e-05
1.063500000000000000e+04 2.712898887999999926e-05
1.063000000000000000e+04 1.208299771000000056e-05
1.062500000000000000e+04 2.365424995999999873e-05
1.062000000000000000e+04 1.537482836000000097e-05
1.061500000000000000e+04 1.458683400000000034e-05
1.061000000000000000e+04 1.937205553999999795e-05
1.060500000000000000e+04 2.016447717000000064e-05
1.060000000000000000e+04 8.968086913000000016e-06
1.059500000000000000e+04 2.026596338999999745e-05
1.059000000000000000e+04 1.885772683000000086e-05
1.058500000000000000e+04 1.554200775000000082e-05
1.058000000000000000e+04 2.540424932000000168e-05
1.057500000000000000e+04 2.399028279000000013e-05
1.057000000000000000e+04 2.427464817000000137e-05
1.056500000000000000e+04 1.469418174000000095e-05
1.056000000000000000e+04 2.739303744999999686e-05
1.055500000000000000e+04 2.353294053999999971e-05
1.055000000000000000e+04 1.473856972999999905e-05
1.054500000000000000e+04 1.782271777999999763e-05
1.054000000000000000e+04 2.191615057999999851e-05
1.053500000000000000e+04 1.010318869000000037e-05
1.053000000000000000e+04 1.543292775999999998e-05
1.052500000000000000e+04 1.621898962000000095e-05
1.052000000000000000e+04 1.765945692999999948e-05
1.051500000000000000e+04 1.834681489999999797e-05
1.051000000000000000e+04 1.340067945000000008e-05
1.050500000000000000e+04 6.558807800000000125e-06
1.050000000000000000e+04 2.115547890000000195e-05
1.049500000000000000e+04 3.084356896999999626e-05
1.049000000000000000e+04 3.035046858999999913e-05
1.048500000000000000e+04 1.800750032999999756e-05
1.048000000000000000e+04 1.817553885999999812e-05
1.047500000000000000e+04 1.752126030999999966e-05
1.047000000000000000e+04 1.940436428000000011e-05
1.046500000000000000e+04 2.711914246999999937e-05
1.046000000000000000e+04 2.950835041999999955e-05
1.045500000000000000e+04 2.666768385000000099e-05
1.045000000000000000e+04 2.557589439999999683e-05
1.044500000000000000e+04 2.301604719999999625e-05
1.044000000000000000e+04 3.596533089999999922e-05
1.043500000000000000e+04 2.563254674999999850e-05
1.043000000000000000e+04 2.616005018000000060e-05
1.042500000000000000e+04 3.565306076999999983e-05
1.042000000000000000e+04 3.593534697000000042e-05
1.041500000000000000e+04 2.128749619999999797e-05
1.041000000000000000e+04 4.212482832000000475e-05
1.040500000000000000e+04 2.623867941999999864e-05
1.040000000000000000e+04 3.561107675000000001e-05
1.039500000000000000e+04 4.349567462000000252e-05
1.039000000000000000e+04 3.990254365000000267e-05
1.038500000000000000e+04 3.878809977000000287e-05
1.038000000000000000e+04 4.786437376999999816e-05
1.037500000000000000e+04 4.659523256000000193e-05
1.037000000000000000e+04 5.216925405000000547e-05
1.036500000000000000e+04 4.542470909999999512e-05
1.036000000000000000e+04 3.175582503999999946e-05
1.035500000000000000e+04 4.821614362000000098e-05
1.035000000000000000e+04 3.675523446999999825e-05
1.034500000000000000e+04 4.329768474999999708e-05
1.034000000000000000e+04 4.926033784000000002e-05
1.033500000000000000e+04 4.275210201999999862e-05
1.033000000000000000e+04 4.015081095999999930e-05
1.032500000000000000e+04 5.158151500000000177e-05
1.032000000000000000e+04 4.025339614999999966e-05
1.031500000000000000e+04 3.876416245000000228e-05
1.031000000000000000e+04 3.164717462000000238e-05
1.030500000000000000e+04 4.052890465000000058e-05
1.030000000000000000e+04 2.342650899999999800e-05
1.029500000000000000e+04 4.121413453999999934e-05
1.029000000000000000e+04 2.962970641000000127e-05
1.028500000000000000e+04 2.380873308999999997e-05
1.028000000000000000e+04 4.274653271000000004e-05
1.027500000000000000e+04 1.911700005000000261e-05
1.027000000000000000e+04 2.915236400000000046e-05
1.026500000000000000e+04 2.622331724999999898e-05
1.026000000000000000e+04 2.317696343999999970e-05
1.025500000000000000e+04 2.462252509000000032e-05
1.025000000000000000e+04 2.061602892000000120e-05
1.024500000000000000e+04 2.719966228999999748e-05
1.024000000000000000e+04 1.978079788000000204e-05
1.023500000000000000e+04 2.112471730999999900e-05
1.023000000000000000e+04 1.778148930000000050e-05
1.022500000000000000e+04 1.373423262999999972e-05
1.022000000000000000e+04 4.612602060999999427e-06
1.021500000000000000e+04 2.048976253999999826e-05
1.021000000000000000e+04 1.111444085999999940e-05
1.020500000000000000e+04 1.001621014000000070e-05
1.020000000000000000e+04 2.643253886999999698e-05
1.019500000000000000e+04 2.303701592999999812e-05
1.019000000000000000e+04 9.816237724999999660e-06
1.018500000000000000e+04 2.087796106999999774e-05
1.018000000000000000e+04 1.023566932000000062e-05
1.017500000000000000e+04 1.741847139999999977e-05
1.017000000000000000e+04 1.216821022999999986e-05
1.016500000000000000e+04 9.550486574999999558e-06
1.016000000000000000e+04 1.635637250999999939e-05
1.015500000000000000e+04 1.326576689999999905e-05
1.015000000000000000e+04 1.005535479999999899e-05
1.014500000000000000e+04 8.446720311999999942e-06
1.014000000000000000e+04 1.347154844999999989e-05
1.013500000000000000e+04 2.336067380000000047e-05
1.013000000000000000e+04 2.418774646000000007e-05
1.012500000000000000e+04 1.063538832000000153e-05
1.012000000000000000e+04 1.977359643000000153e-05
1.011500000000000000e+04 1.460448721999999948e-05
1.011000000000000000e+04 1.460892963000000013e-05
1.010500000000000000e+04 6.411161157000000151e-06
1.010000000000000000e+04 1.255552866000000052e-05
1.009500000000000000e+04 1.649813028000000106e-05
1.009000000000000000e+04 1.005581580000000007e-05
1.008500000000000000e+04 7.009309484000000057e-06
1.008000000000000000e+04 1.041550072999999953e-05
1.007500000000000000e+04 1.325189950999999941e-05
1.007000000000000000e+04 1.199999999999999992e-08
1.006500000000000000e+04 2.242208458000000294e-05
1.006000000000000000e+04 7.746118353999999708e-06
1.005500000000000000e+04 1.199265475999999891e-05
1.005000000000000000e+04 2.153238282000000066e-05
1.004500000000000000e+04 9.041528100999999932e-06
1.004000000000000000e+04 6.376864621000000187e-06
1.003500000000000000e+04 1.416925806999999890e-05
1.003000000000000000e+04 1.232230919000000026e-05
1.002500000000000000e+04 1.738811959999999869e-05
1.002000000000000000e+04 1.776219811000000009e-05
1.001500000000000000e+04 1.160709768999999925e-05
1.001000000000000000e+04 1.830255932999999996e-06
1.000500000000000000e+04 1.636295578999999895e-05
1.000000000000000000e+04 1.012285822000000058e-05
9.995000000000000000e+03 7.927139523000001052e-06
9.990000000000000000e+03 6.009287316999999842e-06
9.985000000000000000e+03 2.217347967000000140e-05
9.980000000000000000e+03 1.404596492999999948e-05
9.975000000000000000e+03 1.025828299999999985e-05
9.970000000000000000e+03 1.104051013999999867e-05
9.965000000000000000e+03 2.173210960000000248e-05
9.960000000000000000e+03 5.576548865000000432e-06
9.955000000000000000e+03 6.036291597000000032e-06
9.950000000000000000e+03 1.913183950999999990e-05
9.945000000000000000e+03 1.578729832999999926e-05
9.940000000000000000e+03 1.428718445999999930e-05
9.935000000000000000e+03 2.151374937999999781e-05
9.930000000000000000e+03 1.382503075999999954e-05
9.925000000000000000e+03 1.703841379000000132e-05
9.920000000000000000e+03 1.564908190999999792e-05
9.915000000000000000e+03 2.690328983999999913e-05
9.910000000000000000e+03 1.996979116999999889e-05
9.905000000000000000e+03 2.409136387999999800e-05
9.900000000000000000e+03 2.248130040000000083e-05
9.895000000000000000e+03 1.959261716999999964e-05
9.890000000000000000e+03 1.793991541000000144e-05
9.885000000000000000e+03 2.548381686000000045e-05
9.880000000000000000e+03 2.881079214000000107e-05
9.875000000000000000e+03 2.660148777000000050e-05
9.870000000000000000e+03 2.562894951999999959e-05
9.865000000000000000e+03 3.337925533000000197e-05
9.860000000000000000e+03 2.788247773000000060e-05
9.855000000000000000e+03 3.113094950000000249e-05
9.850000000000000000e+03 3.177385544000000013e-05
9.845000000000000000e+03 3.396826563000000142e-05
9.840000000000000000e+03 2.508420264000000058e-05
9.835000000000000000e+03 2.298919717000000228e-05
9.830000000000000000e+03 2.841746666999999898e-05
9.825000000000000000e+03 3.925532568000000003e-05
9.820000000000000000e+03 2.807924756999999915e-05
9.815000000000000000e+03 1.922694151000000053e-05
9.810000000000000000e+03 2.637361875000000067e-05
9.805000000000000000e+03 3.808430396000000225e-05
9.800000000000000000e+03 2.221361035000000156e-05
9.795000000000000000e+03 3.051013918999999786e-05
9.790000000000000000e+03 2.097083023000000064e-05
9.785000000000000000e+03 2.501941052999999787e-05
9.780000000000000000e+03 2.886234317000000116e-05
9.775000000000000000e+03 1.871882471999999759e-05
9.770000000000000000e+03 2.770447870999999968e-05
9.765000000000000000e+03 3.892626845999999814e-05
9.760000000000000000e+03 2.009721473000000033e-05
9.755000000000000000e+03 7.144190603999999515e-06
9.750000000000000000e+03 1.960576977999999962e-05
9.745000000000000000e+03 2.909594215000000273e-05
9.740000000000000000e+03 1.576869516000000055e-05
9.735000000000000000e+03 2.232145285000000374e-05
9.730000000000000000e+03 1.899129361999999906e-05
9.725000000000000000e+03 2.482698298999999828e-05
9.720000000000000000e+03 3.182007930999999765e-05
9.715000000000000000e+03 1.509132097000000030e-05
9.710000000000000000e+03 2.742895855999999991e-05
9.705000000000000000e+03 2.502540592000000044e-05
9.700000000000000000e+03 2.317304489999999801e-05
9.695000000000000000e+03 2.629236318000000158e-05
9.690000000000000000e+03 1.373114413999999931e-05
9.685000000000000000e+03 1.821104669999999936e-05
9.680000000000000000e+03 1.699199318000000036e-05
9.675000000000000000e+03 3.428584430000000487e-05
9.670000000000000000e+03 2.435742644999999826e-05
9.665000000000000000e+03 9.985512587999999864e-06
9.660000000000000000e+03 1.339048612999999940e-05
9.655000000000000000e+03 9.665664983999998819e-06
9.650000000000000000e+03 1.090773614000000169e-05
9.645000000000000000e+03 1.753632560999999796e-05
9.640000000000000000e+03 6.014078972000000107e-06
9.635000000000000000e+03 2.874305936999999739e-05
9.630000000000000000e+03 2.504073315999999982e-05
9.625000000000000000e+03 1.502005615999999893e-05
9.620000000000000000e+03 2.177405403999999891e-05
9.615000000000000000e+03 1.568917418000000127e-05
9.610000000000000000e+03 1.180102234000000032e-05
9.605000000000000000e+03 1.980783650999999999e-05
9.600000000000000000e+03 1.829680521000000078e-05
9.595000000000000000e+03 1.817294513000000097e-05
9.590000000000000000e+03 2.215976127999999930e-05
9.585000000000000000e+03 2.185821999000000178e-05
9.580000000000000000e+03 2.666642191000000110e-05
9.575000000000000000e+03 2.286668634000000165e-05
9.570000000000000000e+03 2.127006882999999966e-05
9.565000000000000000e+03 3.267212071999999736e-05
9.560000000000000000e+03 2.232457977000000231e-05
9.555000000000000000e+03 3.310864558000000324e-05
9.550000000000000000e+03 2.420106436999999955e-05
9.545000000000000000e+03 3.755262121999999717e-05
9.540000000000000000e+03 3.189145819999999950e-05
9.535000000000000000e+03 3.574840957000000296e-05
9.530000000000000000e+03 4.243959206999999961e-05
9.525000000000000000e+03 4.967655986999999410e-05
9.520000000000000000e+03 5.367735866000000251e-05
9.515000000000000000e+03 6.401559337999999163e-05
9.510000000000000000e+03 5.804728716999999378e-05
9.505000000000000000e+03 7.285795640000000553e-05
9.500000000000000000e+03 8.568095975000000677e-05
9.495000000000000000e+03 9.963394142999999628e-05
9.490000000000000000e+03 9.742409921999999457e-05
9.485000000000000000e+03 1.099083479000000058e-04
9.480000000000000000e+03 1.185844186999999929e-04
9.475000000000000000e+03 1.250938791999999975e-04
9.470000000000000000e+03 1.144447922999999986e-04
9.465000000000000000e+03 1.191103552000000041e-04
9.460000000000000000e+03 1.203171163999999972e-04
9.455000000000000000e+03 1.029734965000000133e-04
9.450000000000000000e+03 8.960398845000000750e-05
9.445000000000000000e+03 8.688762783999999734e-05
9.440000000000000000e+03 7.292055058999999742e-05
9.435000000000000000e+03 6.590897683000000544e-05
9.430000000000000000e+03 5.298585165000000178e-05
9.425000000000000000e+03 4.183876793999999675e-05
9.420000000000000000e+03 3.517551812999999923e-05
9.415000000000000000e+03 3.607194172000000243e-05
9.410000000000000000e+03 2.427914179999999766e-05
9.405000000000000000e+03 3.553539980000000213e-05
9.400000000000000000e+03 3.045352873999999954e-05
9.395000000000000000e+03 2.081991639000000072e-05
9.390000000000000000e+03 2.787068485999999868e-05
9.385000000000000000e+03 3.169967093999999911e-05
9.380000000000000000e+03 2.207452431000000046e-05
9.375000000000000000e+03 2.038396894999999938e-05
9.370000000000000000e+03 1.480525709000000120e-05
9.365000000000000000e+03 5.966587341000000321e-06
9.360000000000000000e+03 9.954044362999998305e-06
9.355000000000000000e+03 1.045842888000000111e-05
9.350000000000000000e+03 8.975169038999999239e-06
9.345000000000000000e+03 1.092163147000000062e-05
9.340000000000000000e+03 1.468734465999999977e-05
9.335000000000000000e+03 1.415592617999999911e-05
9.330000000000000000e+03 1.510371076000000083e-06
9.325000000000000000e+03 3.205052926000000155e-06
9.320000000000000000e+03 1.897744135999999819e-05
9.315000000000000000e+03 1.468777423999999995e-05
9.310000000000000000e+03 -1.929581193999999882e-06
9.305000000000000000e+03 1.176765420999999971e-05
9.300000000000000000e+03 2.092521871000000116e-05
9.295000000000000000e+03 7.841082987999999893e-06
9.290000000000000000e+03 -2.622161119000000164e-06
9.285000000000000000e+03 1.130300108000000141e-05
9.280000000000000000e+03 1.384773292000000125e-05
9.275000000000000000e+03 7.082541124000000051e-06
9.270000000000000000e+03 1.684593385999999952e-05
9.265000000000000000e+03 1.286625279999999899e-05
9.260000000000000000e+03 6.234926986999999969e-06
9.255000000000000000e+03 1.037090318000000104e-05
9.250000000000000000e+03 8.595628896999999601e-06
9.245000000000000000e+03 1.235175411999999964e-05
9.240000000000000000e+03 -2.890000000000000070e-07
9.235000000000000000e+03 7.292493828999999591e-06
9.230000000000000000e+03 1.326734899000000006e-05
9.225000000000000000e+03 1.199228689000000003e-05
9.220000000000000000e+03 1.248217421000000079e-05
9.215000000000000000e+03 1.084680902000000017e-05
9.210000000000000000e+03 1.901728829000000010e-06
9.205000000000000000e+03 3.321737749999999823e-06
9.200000000000000000e+03 1.381846028000000068e-05
9.195000000000000000e+03 1.471418072000000172e-05
9.190000000000000000e+03 1.419036882000000052e-05
9.185000000000000000e+03 1.642153133000000102e-05
9.180000000000000000e+03 1.443756046000000147e-05
9.175000000000000000e+03 1.385128939999999866e-05
9.170000000000000000e+03 1.118276966999999935e-05
9.165000000000000000e+03 1.344121992999999855e-05
9.160000000000000000e+03 9.856641991000000171e-06
9.155000000000000000e+03 9.689218131999999619e-06
9.150000000000000000e+03 1.114328857999999934e-05
9.145000000000000000e+03 2.116425195999999934e-05
9.140000000000000000e+03 1.839139615000000128e-05
9.135000000000000000e+03 2.209507860000000073e-05
9.130000000000000000e+03 2.630614209999999857e-05
9.125000000000000000e+03 3.395068459000000281e-05
9.120000000000000000e+03 2.839478663999999857e-05
9.115000000000000000e+03 4.037762060999999862e-05
9.110000000000000000e+03 4.613207653000000021e-05
9.105000000000000000e+03 6.243487820000000394e-05
9.100000000000000000e+03 9.301918559000000425e-05
9.095000000000000000e+03 1.285438798000000031e-04
9.090000000000000000e+03 1.948999800000000197e-04
9.085000000000000000e+03 2.733373827999999932e-04
9.080000000000000000e+03 3.013195843000000189e-04
9.075000000000000000e+03 2.547846176000000368e-04
9.070000000000000000e+03 1.865052991000000070e-04
9.065000000000000000e+03 1.328190882000000142e-04
9.060000000000000000e+03 8.910570293999999891e-05
9.055000000000000000e+03 6.586896720999999846e-05
9.050000000000000000e+03 4.813255742000000241e-05
9.045000000000000000e+03 4.261071328000000597e-05
9.040000000000000000e+03 3.108281874999999957e-05
9.035000000000000000e+03 3.125735790999999993e-05
9.030000000000000000e+03 2.507891506000000140e-05
9.025000000000000000e+03 1.624645897999999923e-05
9.020000000000000000e+03 1.552319038000000013e-05
9.015000000000000000e+03 6.507085635999999909e-06
9.010000000000000000e+03 2.574450103999999928e-05
9.005000000000000000e+03 1.221875078000000040e-05
9.000000000000000000e+03 1.377127948000000071e-05
8.995000000000000000e+03 1.283151213999999945e-05
8.990000000000000000e+03 1.707931747999999914e-05
8.985000000000000000e+03 1.091634155999999998e-05
8.980000000000000000e+03 8.099999999999999739e-08
8.975000000000000000e+03 -4.728784842999999697e-06
8.970000000000000000e+03 3.037176502000000006e-06
8.965000000000000000e+03 9.487137431000000127e-06
8.960000000000000000e+03 1.152350232999999964e-06
8.955000000000000000e+03 1.391409430999999938e-05
8.950000000000000000e+03 2.120693446999999670e-05
8.945000000000000000e+03 5.272575654000000125e-06
8.940000000000000000e+03 1.391339813999999840e-05
8.935000000000000000e+03 6.910630618000000272e-06
8.930000000000000000e+03 8.267154917000000064e-06
8.925000000000000000e+03 1.204857602999999895e-05
8.920000000000000000e+03 6.313027698000000687e-06
8.915000000000000000e+03 6.327082519000000596e-06
8.910000000000000000e+03 4.408174427000000084e-06
8.905000000000000000e+03 8.443868719000000302e-06
8.900000000000000000e+03 1.460959087000000082e-05
8.895000000000000000e+03 6.797883542999999870e-06
8.890000000000000000e+03 1.026581740000000047e-05
8.885000000000000000e+03 1.071424456000000055e-05
8.880000000000000000e+03 1.293026493000000100e-05
8.875000000000000000e+03 1.505896100000000098e-05
8.870000000000000000e+03 6.991724367000000312e-06
8.865000000000000000e+03 1.211505267000000074e-05
8.860000000000000000e+03 1.555853289999999884e-05
8.855000000000000000e+03 8.719111792999999986e-06
8.850000000000000000e+03 2.389190718999999993e-05
8.845000000000000000e+03 1.762284780999999795e-05
8.840000000000000000e+03 2.724698278999999895e-05
8.835000000000000000e+03 2.754854970000000089e-05
8.830000000000000000e+03 2.047358779000000076e-05
8.825000000000000000e+03 2.659947843999999721e-05
8.820000000000000000e+03 3.074380569000000041e-05
8.815000000000000000e+03 3.096656640999999918e-05
8.810000000000000000e+03 3.219940932000000118e-05
8.805000000000000000e+03 2.895046490999999918e-05
8.800000000000000000e+03 3.223468316999999876e-05
8.795000000000000000e+03 2.859925152999999922e-05
8.790000000000000000e+03 2.809553873000000368e-05
8.785000000000000000e+03 2.322379732999999889e-05
8.780000000000000000e+03 1.668747048999999851e-05
8.775000000000000000e+03 1.145316170999999842e-05
8.770000000000000000e+03 1.188275521000000076e-05
8.765000000000000000e+03 1.147175789999999933e-05
8.760000000000000000e+03 4.914549645000000537e-06
8.755000000000000000e+03 1.052705571000000088e-05
8.750000000000000000e+03 7.558434736000000139e-06
8.745000000000000000e+03 1.213943585999999856e-05
8.740000000000000000e+03 7.918563788000000230e-06
8.735000000000000000e+03 8.619036524999999384e-06
8.730000000000000000e+03 3.322765115000000379e-06
8.725000000000000000e+03 8.417632779999999573e-06
8.720000000000000000e+03 7.193908677000000728e-06
8.715000000000000000e+03 3.442043962000000267e-06
8.710000000000000000e+03 7.883847574999999268e-06
8.705000000000000000e+03 7.063477532999999929e-06
8.700000000000000000e+03 1.744617474999999960e-06
8.695000000000000000e+03 3.560705517999999960e-06
8.690000000000000000e+03 7.859999999999999708e-07
8.685000000000000000e+03 1.716844998999999883e-06
8.680000000000000000e+03 6.225752876999999808e-06
8.675000000000000000e+03 8.089393376999999164e-06
8.670000000000000000e+03 6.798540125999999447e-06
8.665000000000000000e+03 2.349580609000000197e-06
8.660000000000000000e+03 5.370525178000000146e-06
8.655000000000000000e+03 5.136255640999999768e-06
8.650000000000000000e+03 3.062807664000000408e-06
8.645000000000000000e+03 5.117914407000000012e-06
8.640000000000000000e+03 1.426634262000000012e-06
8.635000000000000000e+03 3.972139092999999878e-06
8.630000000000000000e+03 5.539901322000000450e-06
8.625000000000000000e+03 5.764922826000000069e-06
8.620000000000000000e+03 2.646694192999999584e-06
8.615000000000000000e+03 2.870079187999999736e-06
8.610000000000000000e+03 6.506217177999999910e-06
8.605000000000000000e+03 3.459058643999999957e-06
8.600000000000000000e+03 3.079498420000000106e-06
8.595000000000000000e+03 5.100511480000000687e-06
8.590000000000000000e+03 6.331377080999999404e-06
8.585000000000000000e+03 4.865023948000000058e-06
8.580000000000000000e+03 3.500776656000000031e-06
8.575000000000000000e+03 5.360007635000000200e-06
8.570000000000000000e+03 4.271263606000000414e-06
8.565000000000000000e+03 5.639722221999999907e-06
8.560000000000000000e+03 5.666757352000000832e-06
8.555000000000000000e+03 4.665322193999999868e-06
8.550000000000000000e+03 6.127547239999999617e-06
8.545000000000000000e+03 5.669470411000000019e-06
8.540000000000000000e+03 6.105366628999999991e-06
8.535000000000000000e+03 1.114393816999999949e-05
8.530000000000000000e+03 8.994950913000001255e-06
8.525000000000000000e+03 1.088981981999999980e-05
8.520000000000000000e+03 9.511309326999999524e-06
8.515000000000000000e+03 1.196649856999999938e-05
8.510000000000000000e+03 1.230995404000000087e-05
8.505000000000000000e+03 1.249046414000000088e-05
8.500000000000000000e+03 1.051453408000000068e-05
8.495000000000000000e+03 1.319774309999999993e-05
8.490000000000000000e+03 1.058129361000000013e-05
8.485000000000000000e+03 1.131538535000000140e-05
8.480000000000000000e+03 9.456015540999999276e-06
8.475000000000000000e+03 1.105284317999999980e-05
8.470000000000000000e+03 1.057537039999999978e-05
8.465000000000000000e+03 1.139300874999999978e-05
8.460000000000000000e+03 8.967323228999999978e-06
8.455000000000000000e+03 1.000356161999999951e-05
8.450000000000000000e+03 1.101210364000000133e-05
8.445000000000000000e+03 7.330920779999999973e-06
8.440000000000000000e+03 7.348642684999999977e-06
8.435000000000000000e+03 7.468510884999999298e-06
8.430000000000000000e+03 6.419849233000000113e-06
8.425000000000000000e+03 6.965301000000000280e-06
8.420000000000000000e+03 5.193485413000000678e-06
8.415000000000000000e+03 4.985710838999999584e-06
8.410000000000000000e+03 5.201976746000000476e-06
8.405000000000000000e+03 5.183070316000000719e-06
8.400000000000000000e+03 4.982150857999999745e-06
8.395000000000000000e+03 3.760533873000000197e-06
8.390000000000000000e+03 4.067176196000000257e-06
8.385000000000000000e+03 3.893693210999999711e-06
8.380000000000000000e+03 5.297436727999999705e-06
8.375000000000000000e+03 4.881253407999999721e-06
8.370000000000000000e+03 3.856449330000000050e-06
8.365000000000000000e+03 4.501871007999999909e-06
8.360000000000000000e+03 4.633041389999999947e-06
8.355000000000000000e+03 7.825915235999999687e-06
8.350000000000000000e+03 2.222261682999999906e-06
8.345000000000000000e+03 4.714478564000000092e-06
8.340000000000000000e+03 4.095658951000000299e-06
8.335000000000000000e+03 3.291233151999999911e-06
8.330000000000000000e+03 4.762313329000000514e-06
8.325000000000000000e+03 4.055420868000000059e-06
8.320000000000000000e+03 3.267460851999999925e-06
8.315000000000000000e+03 4.624177527000000028e-06
8.310000000000000000e+03 4.809111997000000469e-06
8.305000000000000000e+03 4.935171455000000096e-06
8.300000000000000000e+03 5.098124965999999664e-06
8.295000000000000000e+03 3.944503842000000269e-06
8.290000000000000000e+03 4.246375756000000266e-06
8.285000000000000000e+03 8.030733443000001180e-06
8.280000000000000000e+03 6.366680027000000037e-06
8.275000000000000000e+03 6.992087001000000111e-06
8.270000000000000000e+03 4.228796170000000362e-06
8.265000000000000000e+03 6.463398457999999939e-06
8.260000000000000000e+03 7.252974901000000172e-06
8.255000000000000000e+03 5.627573118999999707e-06
8.250000000000000000e+03 8.747269166999999734e-06
8.245000000000000000e+03 7.788248476999999804e-06
8.240000000000000000e+03 8.674555575000000236e-06
8.235000000000000000e+03 1.238864730000000033e-05
8.230000000000000000e+03 9.674675529999999846e-06
8.225000000000000000e+03 1.095742335999999951e-05
8.220000000000000000e+03 1.186623586999999903e-05
8.215000000000000000e+03 1.321343704999999992e-05
8.210000000000000000e+03 1.482484745999999971e-05
8.205000000000000000e+03 1.424312940999999980e-05
8.200000000000000000e+03 1.419436418999999906e-05
8.195000000000000000e+03 1.582401805000000134e-05
8.190000000000000000e+03 1.582886208999999798e-05
8.185000000000000000e+03 1.617135828999999913e-05
8.180000000000000000e+03 1.861753641000000062e-05
8.175000000000000000e+03 1.708639669000000007e-05
8.170000000000000000e+03 2.013459103000000017e-05
8.165000000000000000e+03 2.007514471000000175e-05
8.160000000000000000e+03 1.993107376999999914e-05
8.155000000000000000e+03 1.811484572999999857e-05
8.150000000000000000e+03 1.855475944000000089e-05
8.145000000000000000e+03 1.806975342000000190e-05
8.140000000000000000e+03 1.994875026999999972e-05
8.135000000000000000e+03 1.873890520000000135e-05
8.130000000000000000e+03 1.936932093999999951e-05
8.125000000000000000e+03 1.870143926000000244e-05
8.120000000000000000e+03 1.831845613000000162e-05
8.115000000000000000e+03 1.621764152999999835e-05
8.110000000000000000e+03 1.731775584999999763e-05
8.105000000000000000e+03 1.476397854000000009e-05
8.100000000000000000e+03 1.565206329999999904e-05
8.095000000000000000e+03 1.799958409000000095e-05
8.090000000000000000e+03 1.561827724999999861e-05
8.085000000000000000e+03 1.349548575999999896e-05
8.080000000000000000e+03 1.377510256000000044e-05
8.075000000000000000e+03 1.217233016999999945e-05
8.070000000000000000e+03 1.053556800000000036e-05
8.065000000000000000e+03 1.170702045999999999e-05
8.060000000000000000e+03 1.031293301000000092e-05
8.055000000000000000e+03 8.218872826999999994e-06
8.050000000000000000e+03 5.525304587000000080e-06
8.045000000000000000e+03 4.970415612000000184e-06
8.040000000000000000e+03 5.553012015000000095e-06
8.035000000000000000e+03 2.788730199000000045e-06
8.030000000000000000e+03 5.196633283000000070e-06
8.025000000000000000e+03 2.651963441000000026e-06
8.020000000000000000e+03 2.679422905000000103e-06
8.015000000000000000e+03 1.930492143999999860e-06
8.010000000000000000e+03 9.810000000000000096e-07
8.005000000000000000e+03 2.234616403999999960e-06
8.000000000000000000e+03 2.370166767000000026e-06
7.995000000000000000e+03 1.063078015999999911e-06
7.990000000000000000e+03 2.395777992000000210e-06
7.985000000000000000e+03 1.932777667999999825e-06
7.980000000000000000e+03 4.621591943000000034e-06
7.975000000000000000e+03 3.146007948000000066e-06
7.970000000000000000e+03 4.139999999999999749e-07
7.965000000000000000e+03 2.939863188999999778e-06
7.960000000000000000e+03 3.767949819999999838e-06
7.955000000000000000e+03 3.141423222000000281e-06
7.950000000000000000e+03 4.742566089000000255e-06
7.945000000000000000e+03 2.703439676999999642e-06
7.940000000000000000e+03 2.433939953000000090e-06
7.935000000000000000e+03 1.489413989000000118e-06
7.930000000000000000e+03 2.450110333000000163e-06
7.925000000000000000e+03 1.940514048000000023e-06
7.920000000000000000e+03 3.407310578000000014e-06
7.915000000000000000e+03 2.225302451000000210e-06
7.910000000000000000e+03 3.957852604999999749e-06
7.905000000000000000e+03 1.809999999999999929e-07
7.900000000000000000e+03 2.955943345999999840e-06
7.895000000000000000e+03 3.264025145000000056e-06
7.890000000000000000e+03 1.417246675999999869e-06
7.885000000000000000e+03 1.836080337000000019e-06
7.880000000000000000e+03 4.318674327999999883e-06
7.875000000000000000e+03 9.739999999999999072e-07
7.870000000000000000e+03 3.574455332000000001e-06
7.865000000000000000e+03 3.352400962999999657e-06
7.860000000000000000e+03 4.178828967000000274e-06
7.855000000000000000e+03 3.125016519000000039e-06
7.850000000000000000e+03 3.150290576999999738e-06
7.845000000000000000e+03 4.675911914000000219e-06
7.840000000000000000e+03 1.787237997999999999e-06
7.835000000000000000e+03 2.739762712999999747e-06
7.830000000000000000e+03 1.854612491999999996e-06
7.825000000000000000e+03 1.930207653999999772e-06
7.820000000000000000e+03 3.167976682999999796e-06
7.815000000000000000e+03 6.262243842000000375e-06
7.810000000000000000e+03 3.759295213999999950e-06
7.805000000000000000e+03 3.384769661000000140e-06
7.800000000000000000e+03 6.598914041999999522e-06
7.795000000000000000e+03 4.539761866999999985e-06
7.790000000000000000e+03 3.433842502999999758e-06
7.785000000000000000e+03 3.346109878999999551e-06
7.780000000000000000e+03 3.278498189000000136e-06
7.775000000000000000e+03 4.220799019000000249e-06
7.770000000000000000e+03 4.959406214999999681e-06
7.765000000000000000e+03 7.203343557000000483e-06
7.760000000000000000e+03 5.734264269000000183e-06
7.755000000000000000e+03 4.343308682999999828e-06
7.750000000000000000e+03 2.666890505000000006e-06
7.745000000000000000e+03 3.882942546999999988e-06
7.740000000000000000e+03 3.878505959000000343e-06
7.735000000000000000e+03 2.892766205999999666e-06
7.730000000000000000e+03 2.410396555000000140e-06
7.725000000000000000e+03 2.117479162000000063e-06
7.720000000000000000e+03 1.530372974000000000e-06
7.715000000000000000e+03 1.025832826000000055e-06
7.710000000000000000e+03 7.629999999999999369e-07
7.705000000000000000e+03 1.396489097000000040e-06
7.700000000000000000e+03 1.278674026000000153e-06
7.695000000000000000e+03 1.004969672000000007e-06
7.690000000000000000e+03 1.725267501999999875e-06
7.685000000000000000e+03 2.035684301999999857e-06
7.680000000000000000e+03 2.175951086000000233e-06
7.675000000000000000e+03 5.160982836999999692e-06
7.670000000000000000e+03 -1.378239685000000060e-06
7.665000000000000000e+03 2.219976450000000255e-06
7.660000000000000000e+03 1.851210254000000092e-06
7.655000000000000000e+03 1.788712688999999888e-06
7.650000000000000000e+03 1.151941760000000009e-06
7.645000000000000000e+03 3.660150396000000181e-06
7.640000000000000000e+03 1.599490205999999938e-06
7.635000000000000000e+03 1.602265984000000163e-06
7.630000000000000000e+03 8.830000000000000585e-07
7.625000000000000000e+03 5.459999999999999393e-07
7.620000000000000000e+03 2.710919944000000093e-06
7.615000000000000000e+03 -2.460311225000000353e-06
7.610000000000000000e+03 2.921050472999999672e-06
7.605000000000000000e+03 1.532488967999999942e-06
7.600000000000000000e+03 -1.559999999999999940e-07
7.595000000000000000e+03 1.373298291999999994e-06
7.590000000000000000e+03 2.707951062000000304e-06
7.585000000000000000e+03 1.437254540999999938e-06
7.580000000000000000e+03 -7.380000000000000704e-07
7.575000000000000000e+03 3.488005313999999899e-06
7.570000000000000000e+03 9.309999999999999589e-07
7.565000000000000000e+03 1.336971471999999927e-06
7.560000000000000000e+03 2.339915227000000108e-06
7.555000000000000000e+03 2.764482051000000177e-06
7.550000000000000000e+03 3.200632636000000126e-06
7.545000000000000000e+03 1.783119078000000092e-06
7.540000000000000000e+03 2.625595662000000046e-06
7.535000000000000000e+03 2.789674035999999995e-06
7.530000000000000000e+03 1.809999999999999929e-07
7.525000000000000000e+03 9.069999999999999558e-07
7.520000000000000000e+03 1.194694923000000083e-06
7.515000000000000000e+03 4.739999999999999828e-07
7.510000000000000000e+03 1.933687162999999925e-06
7.505000000000000000e+03 1.997421641000000184e-06
7.500000000000000000e+03 3.561862394999999794e-06
7.495000000000000000e+03 2.728832769000000209e-06
7.490000000000000000e+03 2.485672302999999774e-06
7.485000000000000000e+03 1.499654172000000005e-06
7.480000000000000000e+03 2.800000000000000191e-07
7.475000000000000000e+03 2.251106489000000067e-06
7.470000000000000000e+03 3.166247334000000248e-06
7.465000000000000000e+03 3.070792881999999692e-06
7.460000000000000000e+03 5.897643276999999415e-06
7.455000000000000000e+03 2.965522872000000196e-06
7.450000000000000000e+03 1.581635878999999841e-06
7.445000000000000000e+03 5.239578313000000197e-06
7.440000000000000000e+03 -4.579999999999999983e-07
7.435000000000000000e+03 2.531124045999999982e-06
7.430000000000000000e+03 4.093447932999999765e-06
7.425000000000000000e+03 3.216259064999999654e-06
7.420000000000000000e+03 3.658068307999999989e-06
7.415000000000000000e+03 2.484622527999999876e-06
7.410000000000000000e+03 2.874259370999999846e-06
7.405000000000000000e+03 3.244147228999999685e-06
7.400000000000000000e+03 5.124106537999999568e-06
7.395000000000000000e+03 -2.440000000000000144e-07
7.390000000000000000e+03 2.494399960000000062e-06
7.385000000000000000e+03 1.397484448000000085e-06
7.380000000000000000e+03 3.319999999999999950e-08
7.375000000000000000e+03 1.514476025000000026e-06
7.370000000000000000e+03 1.533268950999999918e-06
7.365000000000000000e+03 1.560641394000000164e-06
7.360000000000000000e+03 4.713914822999999968e-06
7.355000000000000000e+03 1.889999999999999851e-07
7.350000000000000000e+03 1.039263589000000105e-06
7.345000000000000000e+03 1.418637985000000105e-06
7.340000000000000000e+03 3.479999999999999927e-07
7.335000000000000000e+03 2.286041562999999901e-06
7.330000000000000000e+03 6.060000000000000001e-07
7.325000000000000000e+03 9.640000000000000030e-07
7.320000000000000000e+03 9.210000000000000547e-07
7.315000000000000000e+03 1.809999999999999929e-07
7.310000000000000000e+03 5.430000000000000315e-07
7.305000000000000000e+03 3.105451760000000089e-06
7.300000000000000000e+03 1.164610585000000002e-06
7.295000000000000000e+03 1.841408520999999952e-06
7.290000000000000000e+03 -7.550000000000000770e-07
7.285000000000000000e+03 -9.159999999999999967e-08
7.280000000000000000e+03 3.685086849000000136e-06
7.275000000000000000e+03 -1.239999999999999986e-07
7.270000000000000000e+03 7.369999999999999952e-07
7.265000000000000000e+03 2.131094079000000033e-06
7.260000000000000000e+03 2.925528970000000041e-06
7.255000000000000000e+03 1.910000000000000030e-07
7.250000000000000000e+03 2.981823054000000386e-06
7.245000000000000000e+03 2.117687981999999885e-06
7.240000000000000000e+03 2.250819234000000220e-06
7.235000000000000000e+03 1.848309039000000020e-06
7.230000000000000000e+03 2.332622825999999914e-06
7.225000000000000000e+03 3.172751748999999705e-06
7.220000000000000000e+03 1.607474405000000078e-06
7.215000000000000000e+03 1.723014865999999779e-06
7.210000000000000000e+03 1.857405295999999937e-06
7.205000000000000000e+03 1.447242538999999927e-06
7.200000000000000000e+03 4.226867458999999938e-06
7.195000000000000000e+03 1.573806511999999982e-06
7.190000000000000000e+03 1.470257120999999917e-06
7.185000000000000000e+03 1.300356817000000026e-06
7.180000000000000000e+03 1.513912430000000009e-06
7.175000000000000000e+03 2.250654652000000146e-06
7.170000000000000000e+03 1.216245073000000023e-06
7.165000000000000000e+03 1.703000743999999777e-06
7.160000000000000000e+03 4.125024716000000611e-06
7.155000000000000000e+03 -1.470000000000000061e-07
7.150000000000000000e+03 1.105032279000000104e-06
7.145000000000000000e+03 2.872503246000000154e-06
7.140000000000000000e+03 1.506976986999999988e-06
7.135000000000000000e+03 1.807689258999999968e-06
7.130000000000000000e+03 3.269048175000000328e-06
7.125000000000000000e+03 2.724266669000000015e-06
7.120000000000000000e+03 -2.529999999999999825e-08
7.115000000000000000e+03 3.163807269000000104e-06
7.110000000000000000e+03 4.036382597000000305e-06
7.105000000000000000e+03 4.370765528000000039e-06
7.100000000000000000e+03 3.274262416999999654e-06
7.095000000000000000e+03 1.923393866000000067e-06
7.090000000000000000e+03 3.551906557000000209e-06
7.085000000000000000e+03 1.469999999999999928e-08
7.080000000000000000e+03 1.520562945999999945e-06
7.075000000000000000e+03 2.785873366999999929e-06
7.070000000000000000e+03 1.446233800000000021e-06
7.065000000000000000e+03 2.442905678999999892e-06
7.060000000000000000e+03 2.811729500999999876e-06
7.055000000000000000e+03 3.893614048000000433e-06
7.050000000000000000e+03 3.705158597000000171e-06
7.045000000000000000e+03 1.189890536000000008e-06
7.040000000000000000e+03 1.768581569000000052e-06
7.035000000000000000e+03 1.028127371999999925e-06
7.030000000000000000e+03 1.681722351000000005e-06
7.025000000000000000e+03 1.690560021000000095e-06
7.020000000000000000e+03 4.519840294999999647e-06
7.015000000000000000e+03 6.570000000000000200e-07
7.010000000000000000e+03 1.741586747999999976e-06
7.005000000000000000e+03 2.153788228000000102e-06
7.000000000000000000e+03 -3.819999999999999795e-08
6.995000000000000000e+03 7.299999999999999987e-07
6.990000000000000000e+03 1.980178640000000136e-06
6.985000000000000000e+03 4.624146967999999607e-06
6.980000000000000000e+03 5.300000000000000078e-07
6.975000000000000000e+03 2.869478194000000109e-06
6.970000000000000000e+03 1.616330845999999967e-06
6.965000000000000000e+03 2.544581948000000329e-06
6.960000000000000000e+03 1.549416192999999915e-06
6.955000000000000000e+03 2.443454577999999751e-06
6.950000000000000000e+03 3.170965355999999908e-06
6.945000000000000000e+03 -5.649999999999999903e-07
6.940000000000000000e+03 1.779999999999999792e-07
6.935000000000000000e+03 1.803997002000000144e-06
6.930000000000000000e+03 -1.546506100999999934e-06
6.925000000000000000e+03 4.795980639999999558e-06
6.920000000000000000e+03 3.517349250999999805e-06
6.915000000000000000e+03 5.420000000000000623e-07
6.910000000000000000e+03 2.889043826000000155e-06
6.905000000000000000e+03 2.000000000000000174e-07
6.900000000000000000e+03 2.019072707999999963e-06
6.895000000000000000e+03 1.610149920000000082e-06
6.890000000000000000e+03 2.342107764000000200e-06
6.885000000000000000e+03 4.739999999999999828e-07
6.880000000000000000e+03 3.080000000000000581e-07
6.875000000000000000e+03 1.570958411000000092e-06
6.870000000000000000e+03 3.097582958000000011e-06
6.865000000000000000e+03 2.587245834999999910e-06
6.860000000000000000e+03 3.084873605999999649e-06
6.855000000000000000e+03 9.600000000000001260e-07
6.850000000000000000e+03 3.669999999999999908e-07
6.845000000000000000e+03 2.307059476000000283e-06
6.840000000000000000e+03 1.578976517000000092e-06
6.835000000000000000e+03 4.660000000000000170e-07
6.830000000000000000e+03 3.595196176000000004e-06
6.825000000000000000e+03 -9.220000000000000239e-07
6.820000000000000000e+03 2.009873277999999858e-06
6.815000000000000000e+03 1.498094061000000057e-06
6.810000000000000000e+03 7.660000000000000564e-07
6.805000000000000000e+03 2.451257897000000201e-06
6.800000000000000000e+03 4.620985709999999508e-06
6.795000000000000000e+03 4.470000000000000189e-07
6.790000000000000000e+03 2.572156955000000361e-06
6.785000000000000000e+03 1.549836743000000163e-06
6.780000000000000000e+03 1.679999999999999956e-07
6.775000000000000000e+03 2.116308023999999849e-06
6.770000000000000000e+03 3.519829769999999947e-06
6.765000000000000000e+03 4.540000000000000155e-07
6.760000000000000000e+03 2.977403054999999825e-06
6.755000000000000000e+03 3.266510030000000154e-06
6.750000000000000000e+03 1.743965258000000128e-06
6.745000000000000000e+03 1.531714079000000022e-06
6.740000000000000000e+03 1.818896999000000087e-06
6.735000000000000000e+03 1.110000000000000013e-07
6.730000000000000000e+03 1.756457350000000121e-06
6.725000000000000000e+03 2.718943869999999606e-06
6.720000000000000000e+03 2.779393981000000103e-06
6.715000000000000000e+03 1.297376875000000140e-06
6.710000000000000000e+03 3.581089550000000320e-06
6.705000000000000000e+03 1.345688652000000009e-06
6.700000000000000000e+03 1.338058209999999971e-06
6.695000000000000000e+03 1.294367103000000042e-06
6.690000000000000000e+03 5.059999999999999649e-08
6.685000000000000000e+03 1.331439125000000019e-06
6.680000000000000000e+03 2.422676042999999714e-06
6.675000000000000000e+03 1.587705773999999832e-06
6.670000000000000000e+03 2.023423731000000190e-06
6.665000000000000000e+03 2.842826652000000242e-06
6.660000000000000000e+03 1.944199320999999925e-06
6.655000000000000000e+03 1.448918774000000139e-06
6.650000000000000000e+03 4.362204054000000020e-06
6.645000000000000000e+03 7.859999999999999708e-07
6.640000000000000000e+03 2.861481626000000099e-06
6.635000000000000000e+03 3.456668346000000031e-06
6.630000000000000000e+03 -8.960000000000000823e-08
6.625000000000000000e+03 4.596835933999999882e-06
6.620000000000000000e+03 1.623056742000000175e-06
6.615000000000000000e+03 4.157639049999999788e-06
6.610000000000000000e+03 1.087606651999999961e-06
6.605000000000000000e+03 7.889999999999999844e-07
6.600000000000000000e+03 1.412659476000000003e-06
6.595000000000000000e+03 2.335153112999999747e-06
6.590000000000000000e+03 4.500000000000000326e-07
6.585000000000000000e+03 2.140967990000000054e-06
6.580000000000000000e+03 3.069195955000000025e-06
6.575000000000000000e+03 1.795435674000000019e-06
6.570000000000000000e+03 3.763940475999999947e-06
6.565000000000000000e+03 1.695323007999999916e-06
6.560000000000000000e+03 8.320000000000000386e-07
6.555000000000000000e+03 3.042694880000000170e-06
6.550000000000000000e+03 1.728575006999999925e-06
6.545000000000000000e+03 1.531682065000000147e-06
6.540000000000000000e+03 7.910000000000000288e-07
6.535000000000000000e+03 2.221783216000000158e-06
6.530000000000000000e+03 1.105932678999999928e-06
6.525000000000000000e+03 1.290869985999999967e-06
6.520000000000000000e+03 1.032555156000000034e-06
6.515000000000000000e+03 6.420000000000000578e-07
6.510000000000000000e+03 4.910000000000000424e-07
6.505000000000000000e+03 2.683326310999999622e-06
6.500000000000000000e+03 3.416911931999999930e-06
6.495000000000000000e+03 1.266932376999999917e-06
6.490000000000000000e+03 2.124332531999999991e-06
6.485000000000000000e+03 2.610604861000000207e-06
6.480000000000000000e+03 1.611074986000000021e-06
6.475000000000000000e+03 1.258126575999999918e-06
6.470000000000000000e+03 1.805933425000000167e-06
6.465000000000000000e+03 2.057132224000000178e-06
6.460000000000000000e+03 2.023965208000000019e-06
6.455000000000000000e+03 2.131279180000000106e-06
6.450000000000000000e+03 2.554589299999999797e-06
6.445000000000000000e+03 1.644538423999999929e-06
6.440000000000000000e+03 4.610000000000000120e-07
6.435000000000000000e+03 1.977206702999999748e-06
6.430000000000000000e+03 1.167332011000000000e-06
6.425000000000000000e+03 1.891407737000000017e-06
6.420000000000000000e+03 7.080000000000000400e-07
6.415000000000000000e+03 1.547056308000000091e-06
6.410000000000000000e+03 1.058848064999999898e-06
6.405000000000000000e+03 2.610225347000000162e-06
6.400000000000000000e+03 2.002913970999999879e-06
6.395000000000000000e+03 1.121623281999999949e-06
6.390000000000000000e+03 2.515997039000000089e-06
6.385000000000000000e+03 1.992008473999999766e-06
6.380000000000000000e+03 3.400364948999999890e-06
6.375000000000000000e+03 2.065107255000000095e-06
6.370000000000000000e+03 2.197376888999999832e-06
6.365000000000000000e+03 5.297780153000000657e-06
6.360000000000000000e+03 1.897376496000000114e-06
6.355000000000000000e+03 4.317928105999999872e-06
6.350000000000000000e+03 4.172109475000000003e-06
6.345000000000000000e+03 3.702469402999999780e-06
6.340000000000000000e+03 1.493944291999999948e-06
6.335000000000000000e+03 2.535599924000000062e-06
6.330000000000000000e+03 3.743460984000000166e-06
6.325000000000000000e+03 2.610493683999999783e-06
6.320000000000000000e+03 1.387367956000000065e-06
6.315000000000000000e+03 7.550000000000000770e-07
6.310000000000000000e+03 4.971903982000000037e-06
6.305000000000000000e+03 -5.749999999999999872e-08
6.300000000000000000e+03 2.155594701999999793e-06
6.295000000000000000e+03 2.394745969999999807e-06
6.290000000000000000e+03 2.372386224999999836e-06
6.285000000000000000e+03 2.906788723000000130e-06
6.280000000000000000e+03 2.300017222000000006e-06
6.275000000000000000e+03 2.261485351000000192e-06
6.270000000000000000e+03 1.276057155000000062e-06
6.265000000000000000e+03 1.946778648000000197e-06
6.260000000000000000e+03 3.059143783000000179e-06
6.255000000000000000e+03 7.850000000000000015e-07
6.250000000000000000e+03 3.909537626999999810e-06
6.245000000000000000e+03 2.778545894999999888e-06
6.240000000000000000e+03 1.693655504000000142e-06
6.235000000000000000e+03 6.119999999999999215e-07
6.230000000000000000e+03 2.070116607000000090e-06
6.225000000000000000e+03 4.349117226000000019e-06
6.220000000000000000e+03 3.456684353000000180e-06
6.215000000000000000e+03 5.238504963999999700e-06
6.210000000000000000e+03 2.203924668999999789e-06
6.205000000000000000e+03 2.702710335000000301e-06
6.200000000000000000e+03 3.716077189999999932e-06
6.195000000000000000e+03 1.394045976000000033e-06
6.190000000000000000e+03 9.729999999999998321e-07
6.185000000000000000e+03 2.207248763000000193e-06
6.180000000000000000e+03 1.523721729999999964e-06
6.175000000000000000e+03 4.500811920000000215e-06
6.170000000000000000e+03 2.142836602000000051e-06
6.165000000000000000e+03 1.660663256000000160e-06
6.160000000000000000e+03 1.703695306999999906e-06
6.155000000000000000e+03 3.024385951000000180e-06
6.150000000000000000e+03 1.113749676999999917e-06
6.145000000000000000e+03 3.233382013000000115e-06
6.140000000000000000e+03 2.754660381000000242e-06
6.135000000000000000e+03 5.020000000000000218e-07
6.130000000000000000e+03 1.510161674000000055e-06
6.125000000000000000e+03 1.590355678000000000e-06
6.120000000000000000e+03 2.230104436999999940e-06
6.115000000000000000e+03 1.554144982999999883e-06
6.110000000000000000e+03 2.069999999999999875e-07
6.105000000000000000e+03 1.206894158000000025e-06
6.100000000000000000e+03 8.179999999999999397e-07
6.095000000000000000e+03 2.041747211000000129e-06
6.090000000000000000e+03 1.551877211999999836e-06
6.085000000000000000e+03 2.021788240999999867e-06
6.080000000000000000e+03 2.430638706000000083e-06
6.075000000000000000e+03 3.477085555999999830e-06
6.070000000000000000e+03 3.987452947000000037e-06
6.065000000000000000e+03 6.439199204999999666e-06
6.060000000000000000e+03 3.527207008999999782e-06
6.055000000000000000e+03 3.308657033000000072e-06
6.050000000000000000e+03 3.030600783000000239e-06
6.045000000000000000e+03 1.878994953999999831e-06
6.040000000000000000e+03 2.031214972000000237e-06
6.035000000000000000e+03 2.483231364999999957e-06
6.030000000000000000e+03 3.956697473999999685e-06
6.025000000000000000e+03 4.159107339000000172e-06
6.020000000000000000e+03 1.968928408999999935e-06
6.015000000000000000e+03 2.378725912000000172e-06
6.010000000000000000e+03 1.563161495000000105e-06
6.005000000000000000e+03 2.545712341000000230e-06
6.000000000000000000e+03 4.457688192000000054e-06
5.995000000000000000e+03 4.766453349000000093e-06
5.990000000000000000e+03 3.255234915000000319e-06
5.985000000000000000e+03 3.705793350999999866e-06
5.980000000000000000e+03 4.746526829000000018e-06
5.975000000000000000e+03 4.869433178000000201e-06
5.970000000000000000e+03 4.576938808999999816e-06
5.965000000000000000e+03 4.255642706999999558e-06
5.960000000000000000e+03 4.713898234000000037e-06
5.955000000000000000e+03 4.480819334000000408e-06
5.950000000000000000e+03 3.209251736000000177e-06
5.945000000000000000e+03 2.786263940000000386e-06
5.940000000000000000e+03 2.712864953000000134e-06
5.935000000000000000e+03 3.613756270999999901e-06
5.930000000000000000e+03 4.522736125999999882e-06
5.925000000000000000e+03 3.790195624000000370e-06
5.920000000000000000e+03 1.860871852999999906e-06
5.915000000000000000e+03 4.821224137999999786e-06
5.910000000000000000e+03 3.652143640999999958e-06
5.905000000000000000e+03 7.052431464999999704e-06
5.900000000000000000e+03 6.479590083000000316e-06
5.895000000000000000e+03 7.176823564999999451e-06
5.890000000000000000e+03 6.105683277999999527e-06
5.885000000000000000e+03 7.461137720000000054e-06
5.880000000000000000e+03 4.365665372000000572e-06
5.875000000000000000e+03 6.062864558999999877e-06
5.870000000000000000e+03 4.230881459000000201e-06
5.865000000000000000e+03 4.684005979999999631e-06
5.860000000000000000e+03 5.891778274000000668e-06
5.855000000000000000e+03 5.160107975999999230e-06
5.850000000000000000e+03 3.130677505000000399e-06
5.845000000000000000e+03 3.901812887999999805e-06
5.840000000000000000e+03 4.751361847999999613e-06
5.835000000000000000e+03 4.916081671000000356e-06
5.830000000000000000e+03 5.958124529999999589e-06
5.825000000000000000e+03 5.288647371000000488e-06
5.820000000000000000e+03 6.727929576000000130e-06
5.815000000000000000e+03 8.033103658999999198e-06
5.810000000000000000e+03 1.160308835000000022e-05
5.805000000000000000e+03 1.264490186999999921e-05
5.800000000000000000e+03 1.476737902999999895e-05
5.795000000000000000e+03 1.793568254999999966e-05
5.790000000000000000e+03 2.225759205999999887e-05
5.785000000000000000e+03 2.186400350000000233e-05
5.780000000000000000e+03 2.277978462999999696e-05
5.775000000000000000e+03 2.252814825999999881e-05
5.770000000000000000e+03 2.175948582999999857e-05
5.765000000000000000e+03 1.765034744000000037e-05
5.760000000000000000e+03 1.778512144999999986e-05
5.755000000000000000e+03 1.370181097000000045e-05
5.750000000000000000e+03 1.562401535999999964e-05
5.745000000000000000e+03 1.535143587000000083e-05
5.740000000000000000e+03 1.401916146000000161e-05
5.735000000000000000e+03 1.566480030000000102e-05
5.730000000000000000e+03 1.720551867000000087e-05
5.725000000000000000e+03 2.029372844999999731e-05
5.720000000000000000e+03 2.399188465999999793e-05
5.715000000000000000e+03 3.005030797999999812e-05
5.710000000000000000e+03 3.782335202999999925e-05
5.705000000000000000e+03 4.462969955000000176e-05
5.700000000000000000e+03 6.487387231999999348e-05
5.695000000000000000e+03 7.921215146999999472e-05
5.690000000000000000e+03 1.058171409999999991e-04
5.685000000000000000e+03 1.311884074999999895e-04
5.680000000000000000e+03 1.597821712000000003e-04
5.675000000000000000e+03 1.823115163000000097e-04
5.670000000000000000e+03 2.008527889999999990e-04
5.665000000000000000e+03 2.116667106999999925e-04
5.660000000000000000e+03 2.217010409000000045e-04
5.655000000000000000e+03 2.292086183999999952e-04
5.650000000000000000e+03 2.380511164999999968e-04
5.645000000000000000e+03 2.551723084999999759e-04
5.640000000000000000e+03 2.730671315999999875e-04
5.635000000000000000e+03 3.055107406999999723e-04
5.630000000000000000e+03 3.505966812000000017e-04
5.625000000000000000e+03 4.126996547000000379e-04
5.620000000000000000e+03 4.963808878999999849e-04
5.615000000000000000e+03 6.159918754999999489e-04
5.610000000000000000e+03 7.687298208000000214e-04
5.605000000000000000e+03 9.785100072999999409e-04
5.600000000000000000e+03 1.242612748999999970e-03
5.595000000000000000e+03 1.577627658999999818e-03
5.590000000000000000e+03 1.994020045000000248e-03
5.585000000000000000e+03 2.480797917000000102e-03
5.580000000000000000e+03 3.074184358000000075e-03
5.575000000000000000e+03 3.761284649000000164e-03
5.570000000000000000e+03 4.556539953000000170e-03
5.565000000000000000e+03 5.525492429999999920e-03
5.560000000000000000e+03 6.680036782999999347e-03
5.555000000000000000e+03 8.143967986000000617e-03
5.550000000000000000e+03 1.004168986999999860e-02
5.545000000000000000e+03 1.253291726000000002e-02
5.540000000000000000e+03 1.589603662000000153e-02
5.535000000000000000e+03 2.038546800999999770e-02
5.530000000000000000e+03 2.651032924999999901e-02
5.525000000000000000e+03 3.468655824999999915e-02
5.520000000000000000e+03 4.551731110000000607e-02
5.515000000000000000e+03 6.047500134000000083e-02
5.510000000000000000e+03 7.975100039999999391e-02
5.505000000000000000e+03 1.050260448000000096e-01
5.500000000000000000e+03 1.387680054000000052e-01
5.495000000000000000e+03 1.815815926000000080e-01
5.490000000000000000e+03 2.364210129000000049e-01
5.485000000000000000e+03 3.045644760000000284e-01
5.480000000000000000e+03 3.856450653000000339e-01
5.475000000000000000e+03 4.787779617000000321e-01
5.470000000000000000e+03 5.775436782999999741e-01
5.465000000000000000e+03 6.774462128000000583e-01
5.460000000000000000e+03 7.675500487999999955e-01
5.455000000000000000e+03 8.426250457999999721e-01
5.450000000000000000e+03 9.016783904999999821e-01
5.445000000000000000e+03 9.410374450999999807e-01
5.440000000000000000e+03 9.653027344000000287e-01
5.435000000000000000e+03 9.792634583000000559e-01
5.430000000000000000e+03 9.863555907999999040e-01
5.425000000000000000e+03 9.892764282000000575e-01
5.420000000000000000e+03 9.906285095000000318e-01
5.415000000000000000e+03 9.904896544999999275e-01
5.410000000000000000e+03 9.900849915000000667e-01
5.405000000000000000e+03 9.893849944999999479e-01
5.400000000000000000e+03 9.888557434000000423e-01
5.395000000000000000e+03 9.883954620000000579e-01
5.390000000000000000e+03 9.884484863000000399e-01
5.385000000000000000e+03 9.887518310999999782e-01
5.380000000000000000e+03 9.894233703999999463e-01
5.375000000000000000e+03 9.902925109999999309e-01
5.370000000000000000e+03 9.911251067999999886e-01
5.365000000000000000e+03 9.919459534000000245e-01
5.360000000000000000e+03 9.926755523999999387e-01
5.355000000000000000e+03 9.928901672000001177e-01
5.350000000000000000e+03 9.928330230999999895e-01
5.345000000000000000e+03 9.923118590999999711e-01
5.340000000000000000e+03 9.913966370000000250e-01
5.335000000000000000e+03 9.903676605000000244e-01
5.330000000000000000e+03 9.893799590999999838e-01
5.325000000000000000e+03 9.885783385999999950e-01
5.320000000000000000e+03 9.878295135000000338e-01
5.315000000000000000e+03 9.877563476999999814e-01
5.310000000000000000e+03 9.879749298000000124e-01
5.305000000000000000e+03 9.884792328000000516e-01
5.300000000000000000e+03 9.892295837000000258e-01
5.295000000000000000e+03 9.896389007999999432e-01
5.290000000000000000e+03 9.894363402999999391e-01
5.285000000000000000e+03 9.886253356999999964e-01
5.280000000000000000e+03 9.871606445000000729e-01
5.275000000000000000e+03 9.850335692999999671e-01
5.270000000000000000e+03 9.828250121999999589e-01
5.265000000000000000e+03 9.805410003999999180e-01
5.260000000000000000e+03 9.789235686999999686e-01
5.255000000000000000e+03 9.780384064000000599e-01
5.250000000000000000e+03 9.784582519999999173e-01
5.245000000000000000e+03 9.799280548000000035e-01
5.240000000000000000e+03 9.823547363000000310e-01
5.235000000000000000e+03 9.848886108000001194e-01
5.230000000000000000e+03 9.874562835999999288e-01
5.225000000000000000e+03 9.896829986999999829e-01
5.220000000000000000e+03 9.906848906999999871e-01
5.215000000000000000e+03 9.907642365000000062e-01
5.210000000000000000e+03 9.897075653000000361e-01
5.205000000000000000e+03 9.879960631999999965e-01
5.200000000000000000e+03 9.858681488000000659e-01
5.195000000000000000e+03 9.838287354000000429e-01
5.190000000000000000e+03 9.819764709000000646e-01
5.185000000000000000e+03 9.809468078999999952e-01
5.180000000000000000e+03 9.805580901999999544e-01
5.175000000000000000e+03 9.811667633000000777e-01
5.170000000000000000e+03 9.823849486999999270e-01
5.165000000000000000e+03 9.840074158000000626e-01
5.160000000000000000e+03 9.858740233999999658e-01
5.155000000000000000e+03 9.880865479000000562e-01
5.150000000000000000e+03 9.901026153999999968e-01
5.145000000000000000e+03 9.916478729000001158e-01
5.140000000000000000e+03 9.929558563000000504e-01
5.135000000000000000e+03 9.936460114000000843e-01
5.130000000000000000e+03 9.940247345000000623e-01
5.125000000000000000e+03 9.940911864999999459e-01
5.120000000000000000e+03 9.938587188999999933e-01
5.115000000000000000e+03 9.935251617000000479e-01
5.110000000000000000e+03 9.932464600000000532e-01
5.105000000000000000e+03 9.931510925000001100e-01
5.100000000000000000e+03 9.933609008999999546e-01
5.095000000000000000e+03 9.935971069000000266e-01
5.090000000000000000e+03 9.939018249999999055e-01
5.085000000000000000e+03 9.938962555000000476e-01
5.080000000000000000e+03 9.938309479000000390e-01
5.075000000000000000e+03 9.934587860000000381e-01
5.070000000000000000e+03 9.925276947000000183e-01
5.065000000000000000e+03 9.913755798000000174e-01
5.060000000000000000e+03 9.899996948000000518e-01
5.055000000000000000e+03 9.889377593999999494e-01
5.050000000000000000e+03 9.882552338000000214e-01
5.045000000000000000e+03 9.880078888000000115e-01
5.040000000000000000e+03 9.883516692999999576e-01
5.035000000000000000e+03 9.892920684999999548e-01
5.030000000000000000e+03 9.905010986000000184e-01
5.025000000000000000e+03 9.916487121999999488e-01
5.020000000000000000e+03 9.926819611000000654e-01
5.015000000000000000e+03 9.934690093999999361e-01
5.010000000000000000e+03 9.935228729000000758e-01
5.005000000000000000e+03 9.932651519999999845e-01
5.000000000000000000e+03 9.928595733999999728e-01
4.995000000000000000e+03 9.921828460999999599e-01
4.990000000000000000e+03 9.917279815999999748e-01
4.985000000000000000e+03 9.914543915000000318e-01
4.980000000000000000e+03 9.915518187999999844e-01
4.975000000000000000e+03 9.917568970000000261e-01
4.970000000000000000e+03 9.922703552000000649e-01
4.965000000000000000e+03 9.925369263000000108e-01
4.960000000000000000e+03 9.930370331000000217e-01
4.955000000000000000e+03 9.934371185000000493e-01
4.950000000000000000e+03 9.934369658999999686e-01
4.945000000000000000e+03 9.936745452999999895e-01
4.940000000000000000e+03 9.938496399000000814e-01
4.935000000000000000e+03 9.938055420000000417e-01
4.930000000000000000e+03 9.937963867000000340e-01
4.925000000000000000e+03 9.936159515000000386e-01
4.920000000000000000e+03 9.934761810000000137e-01
4.915000000000000000e+03 9.931707763999999550e-01
4.910000000000000000e+03 9.928067016999999606e-01
4.905000000000000000e+03 9.924366759999999621e-01
4.900000000000000000e+03 9.921911620999999126e-01
4.895000000000000000e+03 9.919379425000000028e-01
4.890000000000000000e+03 9.917834473000000095e-01
4.885000000000000000e+03 9.915454101999999770e-01
4.880000000000000000e+03 9.912652588000000486e-01
4.875000000000000000e+03 9.907648467999998765e-01
4.870000000000000000e+03 9.900915526999999328e-01
4.865000000000000000e+03 9.891838074000000036e-01
4.860000000000000000e+03 9.879062652999999194e-01
4.855000000000000000e+03 9.871712494000000060e-01
4.850000000000000000e+03 9.864162444999999835e-01
4.845000000000000000e+03 9.866255187999999343e-01
4.840000000000000000e+03 9.875077820000000006e-01
4.835000000000000000e+03 9.885350800000000104e-01
4.830000000000000000e+03 9.898281859999999988e-01
4.825000000000000000e+03 9.912027740000000087e-01
4.820000000000000000e+03 9.921271514999999708e-01
4.815000000000000000e+03 9.924913024999999500e-01
4.810000000000000000e+03 9.923867035000000225e-01
4.805000000000000000e+03 9.919151306000000279e-01
4.800000000000000000e+03 9.913278198000000652e-01
4.795000000000000000e+03 9.908924102999999706e-01
4.790000000000000000e+03 9.907624054000000458e-01
4.785000000000000000e+03 9.908699799000000308e-01
4.780000000000000000e+03 9.907717133000000231e-01
4.775000000000000000e+03 9.909854126000000596e-01
4.770000000000000000e+03 9.903454589999999280e-01
4.765000000000000000e+03 9.895402527000000115e-01
4.760000000000000000e+03 9.881385040000000286e-01
4.755000000000000000e+03 9.867500304999999861e-01
4.750000000000000000e+03 9.855789947999999967e-01
4.745000000000000000e+03 9.850215911999999907e-01
4.740000000000000000e+03 9.850852202999998974e-01
4.735000000000000000e+03 9.858007813000000397e-01
4.730000000000000000e+03 9.869681549000000054e-01
4.725000000000000000e+03 9.883204650999999341e-01
4.720000000000000000e+03 9.890556334999999200e-01
4.715000000000000000e+03 9.894023894999999236e-01
4.710000000000000000e+03 9.890934753000000246e-01
4.705000000000000000e+03 9.884313202000000187e-01
4.700000000000000000e+03 9.875896453999999380e-01
4.695000000000000000e+03 9.870335387999999988e-01
4.690000000000000000e+03 9.867594909999999331e-01
4.685000000000000000e+03 9.871567534999999838e-01
4.680000000000000000e+03 9.877595519999999851e-01
4.675000000000000000e+03 9.885895538000000204e-01
4.670000000000000000e+03 9.891584777999998801e-01
4.665000000000000000e+03 9.895290375000000971e-01
4.660000000000000000e+03 9.897136688000000015e-01
4.655000000000000000e+03 9.896224976000000950e-01
4.650000000000000000e+03 9.891104889000000844e-01
4.645000000000000000e+03 9.885689544999999301e-01
4.640000000000000000e+03 9.877375030999999694e-01
4.635000000000000000e+03 9.871284484999999220e-01
4.630000000000000000e+03 9.865429688000000308e-01
4.625000000000000000e+03 9.865953827000000231e-01
4.620000000000000000e+03 9.866825103999999902e-01
4.615000000000000000e+03 9.871446228000000378e-01
4.610000000000000000e+03 9.879098510999999583e-01
4.605000000000000000e+03 9.888188170999999693e-01
4.600000000000000000e+03 9.894213867000000162e-01
4.595000000000000000e+03 9.898068236999999492e-01
4.590000000000000000e+03 9.895835114000000043e-01
4.585000000000000000e+03 9.891863250999999302e-01
4.580000000000000000e+03 9.882686615000000341e-01
4.575000000000000000e+03 9.878275299000001120e-01
4.570000000000000000e+03 9.879070282000000924e-01
4.565000000000000000e+03 9.884568023999998898e-01
4.560000000000000000e+03 9.891182709000000406e-01
4.555000000000000000e+03 9.903427123999999360e-01
4.550000000000000000e+03 9.908615111999999892e-01
4.545000000000000000e+03 9.904312896999999394e-01
4.540000000000000000e+03 9.890508269999999102e-01
4.535000000000000000e+03 9.870713806000001034e-01
4.530000000000000000e+03 9.850141143999999738e-01
4.525000000000000000e+03 9.835482788000000642e-01
4.520000000000000000e+03 9.830427550999999431e-01
4.515000000000000000e+03 9.836524962999999566e-01
4.510000000000000000e+03 9.851236724999999916e-01
4.505000000000000000e+03 9.869920348999999815e-01
4.500000000000000000e+03 9.882470703000000301e-01
4.495000000000000000e+03 9.886331939999999374e-01
4.490000000000000000e+03 9.879921722000000184e-01
4.485000000000000000e+03 9.869085692999999271e-01
4.480000000000000000e+03 9.859616852000000486e-01
4.475000000000000000e+03 9.855384826999999959e-01
4.470000000000000000e+03 9.860854340000000384e-01
4.465000000000000000e+03 9.874620819000000660e-01
4.460000000000000000e+03 9.890824890000000646e-01
4.455000000000000000e+03 9.902064513999999651e-01
4.450000000000000000e+03 9.907921600000000328e-01
4.445000000000000000e+03 9.899552155000000964e-01
4.440000000000000000e+03 9.882765197999999751e-01
4.435000000000000000e+03 9.864463806000000057e-01
4.430000000000000000e+03 9.846751403999999264e-01
4.425000000000000000e+03 9.837863158999999857e-01
4.420000000000000000e+03 9.839470672999999223e-01
4.415000000000000000e+03 9.849745941000001004e-01
4.410000000000000000e+03 9.866992949999999762e-01
4.405000000000000000e+03 9.886294556000000400e-01
4.400000000000000000e+03 9.903024292000001116e-01
4.395000000000000000e+03 9.910851288000001036e-01
4.390000000000000000e+03 9.910937499999999956e-01
4.385000000000000000e+03 9.900947571000000558e-01
4.380000000000000000e+03 9.884127044999999612e-01
4.375000000000000000e+03 9.869193267999999408e-01
4.370000000000000000e+03 9.853886414000000427e-01
4.365000000000000000e+03 9.847171020999999635e-01
4.360000000000000000e+03 9.847176360999999600e-01
4.355000000000000000e+03 9.845861053000000140e-01
4.350000000000000000e+03 9.841062164000000667e-01
4.345000000000000000e+03 9.827503203999999881e-01
4.340000000000000000e+03 9.804242705999999252e-01
4.335000000000000000e+03 9.768806458000000026e-01
4.330000000000000000e+03 9.730351256999999476e-01
4.325000000000000000e+03 9.700539397999999869e-01
4.320000000000000000e+03 9.688262939000000795e-01
4.315000000000000000e+03 9.694384003000000583e-01
4.310000000000000000e+03 9.717299651999999899e-01
4.305000000000000000e+03 9.746202086999999903e-01
4.300000000000000000e+03 9.768561554000000369e-01
4.295000000000000000e+03 9.778192902000000242e-01
4.290000000000000000e+03 9.772713469999999569e-01
4.285000000000000000e+03 9.762889862000000418e-01
4.280000000000000000e+03 9.754730225000000088e-01
4.275000000000000000e+03 9.756771088000000258e-01
4.270000000000000000e+03 9.773937987999999910e-01
4.265000000000000000e+03 9.804833220999999988e-01
4.260000000000000000e+03 9.833992003999999509e-01
4.255000000000000000e+03 9.859268950999999781e-01
4.250000000000000000e+03 9.875715636999999880e-01
4.245000000000000000e+03 9.881305695000000000e-01
4.240000000000000000e+03 9.882089233000000972e-01
4.235000000000000000e+03 9.882946776999999017e-01
4.230000000000000000e+03 9.884372711000000145e-01
4.225000000000000000e+03 9.889495849999999644e-01
4.220000000000000000e+03 9.893652344000000154e-01
4.215000000000000000e+03 9.895421600000000595e-01
4.210000000000000000e+03 9.890692138999999106e-01
4.205000000000000000e+03 9.888159179999999049e-01
4.200000000000000000e+03 9.879338074000000303e-01
4.195000000000000000e+03 9.873749541999999879e-01
4.190000000000000000e+03 9.871685790999999988e-01
4.185000000000000000e+03 9.875014495999999697e-01
4.180000000000000000e+03 9.876995087000000062e-01
4.175000000000000000e+03 9.876699829000000763e-01
4.170000000000000000e+03 9.872308349999999733e-01
4.165000000000000000e+03 9.865320586999999364e-01
4.160000000000000000e+03 9.856328583000000254e-01
4.155000000000000000e+03 9.846804047000000670e-01
4.150000000000000000e+03 9.843514251999999631e-01
4.145000000000000000e+03 9.846469879000000480e-01
4.140000000000000000e+03 9.849251556000000463e-01
4.135000000000000000e+03 9.850896453999999913e-01
4.130000000000000000e+03 9.851184845000000578e-01
4.125000000000000000e+03 9.845474242999999737e-01
4.120000000000000000e+03 9.838759613000001014e-01
4.115000000000000000e+03 9.829282378999999459e-01
4.110000000000000000e+03 9.825504302999999995e-01
4.105000000000000000e+03 9.814685821999999948e-01
4.100000000000000000e+03 9.805075836000000100e-01
4.095000000000000000e+03 9.788864135999999494e-01
4.090000000000000000e+03 9.766482544000000265e-01
4.085000000000000000e+03 9.746705626999999650e-01
4.080000000000000000e+03 9.740351105000000231e-01
4.075000000000000000e+03 9.746901703000000472e-01
4.070000000000000000e+03 9.763923644999999985e-01
4.065000000000000000e+03 9.784487151999999854e-01
4.060000000000000000e+03 9.803319550000000326e-01
4.055000000000000000e+03 9.815427398999999609e-01
4.050000000000000000e+03 9.821232604999999838e-01
4.045000000000000000e+03 9.817137146000000092e-01
4.040000000000000000e+03 9.811681366000000182e-01
4.035000000000000000e+03 9.796788024999999456e-01
4.030000000000000000e+03 9.762650299000000809e-01
4.025000000000000000e+03 9.712760161999999253e-01
4.020000000000000000e+03 9.651273346000001085e-01
4.015000000000000000e+03 9.583183289000000160e-01
4.010000000000000000e+03 9.508528137000000768e-01
4.005000000000000000e+03 9.357863616999999579e-01
4.000000000000000000e+03 9.017313384999999792e-01
3.995000000000000000e+03 8.376068114999999370e-01
3.990000000000000000e+03 7.362547301999999849e-01
3.985000000000000000e+03 6.095053482000000189e-01
3.980000000000000000e+03 4.751294708000000089e-01
3.975000000000000000e+03 3.492979813000000044e-01
3.970000000000000000e+03 2.534536934000000130e-01
3.965000000000000000e+03 1.866010856999999745e-01
3.960000000000000000e+03 1.419550133000000158e-01
3.955000000000000000e+03 1.116419697000000100e-01
3.950000000000000000e+03 8.756178856000000621e-02
3.945000000000000000e+03 6.650687217999999568e-02
3.940000000000000000e+03 4.783889293999999542e-02
3.935000000000000000e+03 3.198482512999999833e-02
3.930000000000000000e+03 1.991715788999999862e-02
3.925000000000000000e+03 1.151437997999999949e-02
3.920000000000000000e+03 6.467732787000000233e-03
3.915000000000000000e+03 3.629794717000000160e-03
3.910000000000000000e+03 2.077988534999999828e-03
3.905000000000000000e+03 1.273758560000000199e-03
3.900000000000000000e+03 8.454814552999998824e-04
3.895000000000000000e+03 5.964786932000000095e-04
3.890000000000000000e+03 4.513730853999999818e-04
3.885000000000000000e+03 3.798639402000000267e-04
3.880000000000000000e+03 3.424745425999999797e-04
3.875000000000000000e+03 3.277527541000000029e-04
3.870000000000000000e+03 3.311721607999999631e-04
3.865000000000000000e+03 3.343575075000000023e-04
3.860000000000000000e+03 3.240572289000000195e-04
3.855000000000000000e+03 2.908353694000000394e-04
3.850000000000000000e+03 2.449709362999999960e-04
3.845000000000000000e+03 1.796427369000000169e-04
3.840000000000000000e+03 1.233984064000000105e-04
3.835000000000000000e+03 7.974448614000000123e-05
3.830000000000000000e+03 5.184360314000000533e-05
3.825000000000000000e+03 3.160068765000000041e-05
3.820000000000000000e+03 2.143604447999999813e-05
3.815000000000000000e+03 1.791370799999999949e-05
3.810000000000000000e+03 1.260811811999999928e-05
3.805000000000000000e+03 1.279215212000000091e-05
3.800000000000000000e+03 1.101017696999999931e-05
3.795000000000000000e+03 1.066186231999999920e-05
3.790000000000000000e+03 1.155472593000000035e-05
3.785000000000000000e+03 1.189015805999999916e-05
3.780000000000000000e+03 1.008898252999999940e-05
3.775000000000000000e+03 1.039419322999999973e-05
3.770000000000000000e+03 1.007940386999999859e-05
3.765000000000000000e+03 1.095226150999999966e-05
3.760000000000000000e+03 1.297203475000000054e-05
3.755000000000000000e+03 1.202318118999999840e-05
3.750000000000000000e+03 1.017380157000000030e-05
3.745000000000000000e+03 1.039776019999999941e-05
3.740000000000000000e+03 9.331243928000000653e-06
3.735000000000000000e+03 1.115257037000000047e-05
3.730000000000000000e+03 8.315127342999999996e-06
3.725000000000000000e+03 6.630006246000000049e-06
3.720000000000000000e+03 7.984978729000000866e-06
3.715000000000000000e+03 1.074925064999999922e-05
3.710000000000000000e+03 5.624772747999999739e-06
3.705000000000000000e+03 6.187651888000000029e-06
3.700000000000000000e+03 7.449629483999999595e-06
3.695000000000000000e+03 8.510627667000000824e-06
3.690000000000000000e+03 8.018061634999999366e-06
3.685000000000000000e+03 9.499175358000000224e-06
3.680000000000000000e+03 8.175361435999999133e-06
3.675000000000000000e+03 1.003440819000000029e-05
3.670000000000000000e+03 5.261861952000000439e-06
3.665000000000000000e+03 8.662794135000000735e-06
3.660000000000000000e+03 8.219601004000000720e-06
3.655000000000000000e+03 9.939312003999998933e-06
3.650000000000000000e+03 9.980748872999999731e-06
3.645000000000000000e+03 8.359618951000000214e-06
3.640000000000000000e+03 1.031242660000000050e-05
3.635000000000000000e+03 6.187112302999999863e-06
3.630000000000000000e+03 7.729235221999999699e-06
3.625000000000000000e+03 6.191303836999999750e-06
3.620000000000000000e+03 9.616633179000000573e-06
3.615000000000000000e+03 6.889153737999999727e-06
3.610000000000000000e+03 9.158106985999999331e-06
3.605000000000000000e+03 8.510836051000001182e-06
3.600000000000000000e+03 7.201482076000000201e-06
3.595000000000000000e+03 8.597536943999998759e-06
3.590000000000000000e+03 6.420138525000000468e-06
3.585000000000000000e+03 7.991938036999999471e-06
3.580000000000000000e+03 9.226711700000000621e-06
3.575000000000000000e+03 8.377468330000000784e-06
3.570000000000000000e+03 8.357194018999999802e-06
3.565000000000000000e+03 9.298932273000000523e-06
3.560000000000000000e+03 9.754197671999999741e-06
3.555000000000000000e+03 1.025150646000000016e-05
3.550000000000000000e+03 9.645049576999999722e-06
3.545000000000000000e+03 8.306039381000000204e-06
3.540000000000000000e+03 1.094190286999999983e-05
3.535000000000000000e+03 8.267908124000000319e-06
3.530000000000000000e+03 8.349295821999999290e-06
3.525000000000000000e+03 1.003466547000000014e-05
3.520000000000000000e+03 8.138804113999999367e-06
3.515000000000000000e+03 8.330378332000000494e-06
3.510000000000000000e+03 8.713424904000000002e-06
3.505000000000000000e+03 8.944468573000000748e-06
3.500000000000000000e+03 1.087804906999999935e-05
3.495000000000000000e+03 8.851510938000000373e-06
3.490000000000000000e+03 7.846577209000000201e-06
3.485000000000000000e+03 8.035785868000000192e-06
3.480000000000000000e+03 8.660656748999999638e-06
3.475000000000000000e+03 1.106192939999999899e-05
3.470000000000000000e+03 1.161313150000000016e-05
3.465000000000000000e+03 9.858967968999999288e-06
3.460000000000000000e+03 9.281460078999999701e-06
3.455000000000000000e+03 8.349441340999999987e-06
3.450000000000000000e+03 7.645141450000000091e-06
3.445000000000000000e+03 1.154004712999999928e-05
3.440000000000000000e+03 8.554205997000000666e-06
3.435000000000000000e+03 6.736454670000000741e-06
3.430000000000000000e+03 8.525296580000000227e-06
3.425000000000000000e+03 9.477892307999999971e-06
3.420000000000000000e+03 9.786473820000000560e-06
3.415000000000000000e+03 9.561583282999999673e-06
3.410000000000000000e+03 1.062159427000000069e-05
3.405000000000000000e+03 1.094042323999999992e-05
3.400000000000000000e+03 8.178795688000000817e-06
3.395000000000000000e+03 4.747029452000000147e-06
3.390000000000000000e+03 1.011842395999999922e-05
3.385000000000000000e+03 1.074302709000000096e-05
3.380000000000000000e+03 1.094155013999999954e-05
3.375000000000000000e+03 8.445103885999999740e-06
3.370000000000000000e+03 7.656039088000000389e-06
3.365000000000000000e+03 1.047534052999999974e-05
3.360000000000000000e+03 1.033101463999999875e-05
3.355000000000000000e+03 7.731510559000001146e-06
3.350000000000000000e+03 6.293480983000000123e-06
3.345000000000000000e+03 6.146829691999999880e-06
3.340000000000000000e+03 1.179974526000000015e-05
3.335000000000000000e+03 8.433632320000000377e-06
3.330000000000000000e+03 8.427368592999999876e-06
3.325000000000000000e+03 9.638970368999999936e-06
3.320000000000000000e+03 8.194073453000001037e-06
3.315000000000000000e+03 9.183450601999999571e-06
3.310000000000000000e+03 1.052162028000000092e-05
3.305000000000000000e+03 1.028296072000000114e-05
3.300000000000000000e+03 1.106743234999999994e-05
3.295000000000000000e+03 7.663946017000000812e-06
3.290000000000000000e+03 9.099196177000000907e-06
3.285000000000000000e+03 7.406282820999999126e-06
3.280000000000000000e+03 9.238761850000000694e-06
3.275000000000000000e+03 9.062153404000000199e-06
3.270000000000000000e+03 8.645851048999999449e-06
3.265000000000000000e+03 9.250345756000000571e-06
3.260000000000000000e+03 8.312116842999999798e-06
3.255000000000000000e+03 8.446151624000000402e-06
3.250000000000000000e+03 7.854515570000000294e-06
3.245000000000000000e+03 9.980073663999998869e-06
3.240000000000000000e+03 9.859112324000000421e-06
3.235000000000000000e+03 7.693509105999999902e-06
3.230000000000000000e+03 9.902588789999999211e-06
3.225000000000000000e+03 6.037501734999999416e-06
3.220000000000000000e+03 9.616048191999999401e-06
3.215000000000000000e+03 8.548467304000000380e-06
3.210000000000000000e+03 1.009274855999999907e-05
3.205000000000000000e+03 1.062185503999999859e-05
3.200000000000000000e+03 1.043356954999999853e-05
3.195000000000000000e+03 8.017856743999999714e-06
3.190000000000000000e+03 7.618144736999999928e-06
3.185000000000000000e+03 1.168611343000000130e-05
3.180000000000000000e+03 6.925225606999999603e-06
3.175000000000000000e+03 1.070485683000000009e-05
3.170000000000000000e+03 9.253553580000000394e-06
3.165000000000000000e+03 9.248308488000000333e-06
3.160000000000000000e+03 8.259772439000000600e-06
3.155000000000000000e+03 9.384732693000000022e-06
3.150000000000000000e+03 9.233203599999999467e-06
3.145000000000000000e+03 1.037325943000000155e-05
3.140000000000000000e+03 8.629992371000000766e-06
3.135000000000000000e+03 7.950135041000000710e-06
3.130000000000000000e+03 1.009927597000000158e-05
3.125000000000000000e+03 8.401648374000000516e-06
3.120000000000000000e+03 9.961837203999999074e-06
3.115000000000000000e+03 8.425465203000000988e-06
3.110000000000000000e+03 8.260356262000000514e-06
3.105000000000000000e+03 7.282712030999999872e-06
3.100000000000000000e+03 8.814114843999999239e-06
3.095000000000000000e+03 6.760517134999999907e-06
3.090000000000000000e+03 9.399104746999999892e-06
3.085000000000000000e+03 1.016526482999999958e-05
3.080000000000000000e+03 9.768547025000001225e-06
3.075000000000000000e+03 7.870027911999999642e-06
3.070000000000000000e+03 7.749187062000000990e-06
3.065000000000000000e+03 8.284171345000000794e-06
3.060000000000000000e+03 6.140314508000000005e-06
3.055000000000000000e+03 7.527049746999999399e-06
3.050000000000000000e+03 1.018399488999999928e-05
3.045000000000000000e+03 7.482130313000000068e-06
3.040000000000000000e+03 7.409029057999999870e-06
3.035000000000000000e+03 8.406377746999999529e-06
3.030000000000000000e+03 8.552898070999999345e-06
3.025000000000000000e+03 7.947360282000000899e-06
3.020000000000000000e+03 7.443710929000000559e-06
3.015000000000000000e+03 9.252675227000000394e-06
3.010000000000000000e+03 8.476956282000000766e-06
3.005000000000000000e+03 7.874988369000000466e-06
3.000000000000000000e+03 9.248568094000000363e-06
