1.100000000000000000e+04 -1.166929432999999936e-06
1.099500000000000000e+04 3.753263735999999874e-06
1.099000000000000000e+04 1.171284239000000057e-05
1.098500000000000000e+04 -2.633490076000000281e-06
1.098000000000000000e+04 1.027673831999999946e-05
1.097500000000000000e+04 -4.496657348000000365e-06
1.097000000000000000e+04 2.567208720999999937e-06
1.096500000000000000e+04 8.511439082000000469e-06
1.096000000000000000e+04 -9.289999999999999146e-07
1.095500000000000000e+04 1.404209614999999873e-06
1.095000000000000000e+04 -8.207727805999999641e-06
1.094500000000000000e+04 8.367005503000000691e-06
1.094000000000000000e+04 7.304058526999999248e-06
1.093500000000000000e+04 9.125538635999999248e-06
1.093000000000000000e+04 -5.201225867000000196e-06
1.092500000000000000e+04 1.043445664000000005e-05
1.092000000000000000e+04 4.184725112000000392e-06
1.091500000000000000e+04 9.198144543999999876e-06
1.091000000000000000e+04 -1.452303404000000120e-06
1.090500000000000000e+04 5.286643863999999369e-06
1.090000000000000000e+04 -4.446408129000000482e-06
1.089500000000000000e+04 3.839999999999999974e-08
1.089000000000000000e+04 -7.070222054999999729e-06
1.088500000000000000e+04 5.695163271999999876e-06
1.088000000000000000e+04 -8.231342071999999589e-06
1.087500000000000000e+04 6.869999999999999975e-08
1.087000000000000000e+04 5.821127560999999550e-06
1.086500000000000000e+04 1.112146070000000032e-05
1.086000000000000000e+04 3.413950617000000168e-06
1.085500000000000000e+04 5.275338190000000807e-06
1.085000000000000000e+04 -4.511912121000000190e-06
1.084500000000000000e+04 1.002074218999999872e-05
1.084000000000000000e+04 -4.160000000000000193e-07
1.083500000000000000e+04 -2.966216706999999802e-06
1.083000000000000000e+04 -2.732703869999999962e-06
1.082500000000000000e+04 3.522775659999999765e-06
1.082000000000000000e+04 8.245844509999999782e-06
1.081500000000000000e+04 1.988691510999999925e-06
1.081000000000000000e+04 -4.329999999999999730e-08
1.080500000000000000e+04 8.118484402000000240e-06
1.080000000000000000e+04 1.440124934999999994e-05
1.079500000000000000e+04 2.242235058999999698e-06
1.079000000000000000e+04 8.444295380999999851e-06
1.078500000000000000e+04 1.959687360999999844e-06
1.078000000000000000e+04 3.678998036999999816e-06
1.077500000000000000e+04 -5.351873114999999520e-06
1.077000000000000000e+04 2.731056011000000193e-06
1.076500000000000000e+04 6.910269149000000358e-06
1.076000000000000000e+04 -4.720000000000000443e-07
1.075500000000000000e+04 9.140441543000000219e-06
1.075000000000000000e+04 3.983318455999999657e-06
1.074500000000000000e+04 2.058905228999999692e-06
1.074000000000000000e+04 -1.703014567999999948e-06
1.073500000000000000e+04 -5.110000000000000626e-07
1.073000000000000000e+04 8.884033304999999989e-06
1.072500000000000000e+04 3.327854501999999851e-06
1.072000000000000000e+04 -1.351937972000000023e-06
1.071500000000000000e+04 4.202997369999999812e-06
1.071000000000000000e+04 3.066582430999999899e-06
1.070500000000000000e+04 2.614081312999999964e-06
1.070000000000000000e+04 -3.430350625000000158e-06
1.069500000000000000e+04 5.090977646999999958e-06
1.069000000000000000e+04 -2.576350525000000010e-06
1.068500000000000000e+04 3.639999999999999772e-07
1.068000000000000000e+04 1.205642591000000133e-05
1.067500000000000000e+04 -3.819847771000000010e-06
1.067000000000000000e+04 1.231570146000000115e-05
1.066500000000000000e+04 2.238650341000000018e-06
1.066000000000000000e+04 4.528691934000000116e-06
1.065500000000000000e+04 1.140462932999999950e-05
1.065000000000000000e+04 1.693473314000000019e-05
1.064500000000000000e+04 5.212050164000000524e-06
1.064000000000000000e+04 5.058388924000000617e-06
1.063500000000000000e+04 1.854197180000000114e-06
1.063000000000000000e+04 -3.705057898000000275e-06
1.062500000000000000e+04 2.468601450999999827e-06
1.062000000000000000e+04 -1.154617202999999964e-06
1.061500000000000000e+04 -7.559999999999999404e-07
1.061000000000000000e+04 2.349999999999999735e-07
1.060500000000000000e+04 1.367727527000000061e-05
1.060000000000000000e+04 -4.500000000000000326e-07
1.059500000000000000e+04 1.169875730000000108e-05
1.059000000000000000e+04 4.276197286999999823e-06
1.058500000000000000e+04 4.530596780000000050e-06
1.058000000000000000e+04 -3.140135377000000124e-06
1.057500000000000000e+04 -1.102626046999999975e-06
1.057000000000000000e+04 5.776632461000000641e-06
1.056500000000000000e+04 -1.642829593000000060e-06
1.056000000000000000e+04 1.648131058999999804e-05
1.055500000000000000e+04 1.065511722000000006e-05
1.055000000000000000e+04 4.258201806999999620e-06
1.054500000000000000e+04 -4.258250991999999632e-06
1.054000000000000000e+04 -1.779999999999999792e-07
1.053500000000000000e+04 8.558400441000000309e-06
1.053000000000000000e+04 -8.519999999999999530e-07
1.052500000000000000e+04 4.784622870000000060e-06
1.052000000000000000e+04 2.982049482000000131e-06
1.051500000000000000e+04 3.169825650000000211e-06
1.051000000000000000e+04 -5.047141457999999753e-06
1.050500000000000000e+04 -2.476787776999999757e-06
1.050000000000000000e+04 -4.920000000000000116e-07
1.049500000000000000e+04 1.415322184999999972e-05
1.049000000000000000e+04 1.804247615000000057e-05
1.048500000000000000e+04 1.107268850000000009e-05
1.048000000000000000e+04 7.212800555999999688e-06
1.047500000000000000e+04 -1.614433858999999848e-06
1.047000000000000000e+04 6.321459077000000054e-06
1.046500000000000000e+04 1.037335605000000010e-05
1.046000000000000000e+04 9.226627299000000765e-06
1.045500000000000000e+04 8.592093944999999817e-06
1.045000000000000000e+04 2.071336494000000005e-06
1.044500000000000000e+04 5.558335687999999652e-06
1.044000000000000000e+04 1.068143639999999897e-05
1.043500000000000000e+04 7.897095056000000019e-06
1.043000000000000000e+04 1.714886748000000087e-06
1.042500000000000000e+04 9.918556315999999716e-06
1.042000000000000000e+04 1.146914903000000021e-05
1.041500000000000000e+04 1.242935104999999963e-06
1.041000000000000000e+04 1.552647329000000234e-05
1.040500000000000000e+04 9.794830112000000612e-06
1.040000000000000000e+04 4.270731878999999743e-06
1.039500000000000000e+04 1.188348745999999879e-05
1.039000000000000000e+04 2.006906288000000156e-06
1.038500000000000000e+04 1.247648614999999984e-06
1.038000000000000000e+04 -2.909507602000000101e-06
1.037500000000000000e+04 1.612840802000000117e-05
1.037000000000000000e+04 8.832060265999999333e-06
1.036500000000000000e+04 9.773463243999999759e-06
1.036000000000000000e+04 2.651952963999999820e-06
1.035500000000000000e+04 1.021543052000000023e-05
1.035000000000000000e+04 -8.571423823000000341e-06
1.034500000000000000e+04 4.508411220999999839e-06
1.034000000000000000e+04 1.248541636999999980e-05
1.033500000000000000e+04 8.594666724000000053e-06
1.033000000000000000e+04 6.129999999999999966e-07
1.032500000000000000e+04 1.670249505000000022e-05
1.032000000000000000e+04 -1.013457439999999896e-06
1.031500000000000000e+04 -1.913472079000000018e-06
1.031000000000000000e+04 9.440000000000000886e-07
1.030500000000000000e+04 1.683150767000000063e-05
1.030000000000000000e+04 6.237015476999999879e-06
1.029500000000000000e+04 2.075125375999999982e-06
1.029000000000000000e+04 6.590594421000000039e-06
1.028500000000000000e+04 -2.685927610999999874e-06
1.028000000000000000e+04 1.573815475999999888e-05
1.027500000000000000e+04 1.034501111000000118e-06
1.027000000000000000e+04 7.337561110000000441e-06
1.026500000000000000e+04 1.145808856000000047e-06
1.026000000000000000e+04 6.385216839000000072e-06
1.025500000000000000e+04 6.063164909999999796e-06
1.025000000000000000e+04 -8.251424296999999831e-06
1.024500000000000000e+04 9.658759226999999334e-06
1.024000000000000000e+04 -1.056759937999999928e-06
1.023500000000000000e+04 1.221693003999999957e-05
1.023000000000000000e+04 2.224349591000000034e-06
1.022500000000000000e+04 -5.334747257000000573e-06
1.022000000000000000e+04 -8.564640883999999780e-06
1.021500000000000000e+04 1.249430700999999892e-05
1.021000000000000000e+04 3.505939966999999999e-06
1.020500000000000000e+04 -2.971851209000000229e-06
1.020000000000000000e+04 7.965815021000000206e-06
1.019500000000000000e+04 9.800054830999999721e-06
1.019000000000000000e+04 1.297656213999999902e-05
1.018500000000000000e+04 4.990830202999999271e-06
1.018000000000000000e+04 7.181420806000000694e-06
1.017500000000000000e+04 -2.780000000000000277e-07
1.017000000000000000e+04 4.071763251000000338e-06
1.016500000000000000e+04 -3.933146363000000238e-06
1.016000000000000000e+04 7.417158339999999973e-06
1.015500000000000000e+04 1.802999323000000123e-06
1.015000000000000000e+04 -2.772580483000000391e-06
1.014500000000000000e+04 6.362097919999999694e-06
1.014000000000000000e+04 4.243049771000000096e-06
1.013500000000000000e+04 7.819716119999999039e-06
1.013000000000000000e+04 1.213688985000000088e-05
1.012500000000000000e+04 -3.660163202000000260e-06
1.012000000000000000e+04 8.891209144999999287e-06
1.011500000000000000e+04 -4.699999999999999470e-07
1.011000000000000000e+04 -2.165150799999999867e-06
1.010500000000000000e+04 8.621143060999999746e-06
1.010000000000000000e+04 5.784090025999999420e-06
1.009500000000000000e+04 8.441056707000000987e-06
1.009000000000000000e+04 6.067602661999999852e-06
1.008500000000000000e+04 2.303090440999999970e-06
1.008000000000000000e+04 4.248813202000000121e-06
1.007500000000000000e+04 6.463702301999999718e-06
1.007000000000000000e+04 3.095594874999999785e-06
1.006500000000000000e+04 9.069290244999999800e-06
1.006000000000000000e+04 4.688393383000000112e-06
1.005500000000000000e+04 2.921698905999999966e-06
1.005000000000000000e+04 6.999260512999999434e-06
1.004500000000000000e+04 8.572237566000000809e-06
1.004000000000000000e+04 4.984010592999999834e-06
1.003500000000000000e+04 3.419844724999999778e-06
1.003000000000000000e+04 5.511778871999999911e-06
1.002500000000000000e+04 -8.467604056999998981e-06
1.002000000000000000e+04 6.809467450000000069e-06
1.001500000000000000e+04 1.131260185999999861e-05
1.001000000000000000e+04 2.511036872999999580e-06
1.000500000000000000e+04 6.457206327000000383e-06
1.000000000000000000e+04 4.876533639999999869e-06
9.995000000000000000e+03 -5.896171206000000347e-06
9.990000000000000000e+03 6.344083231000000644e-06
9.985000000000000000e+03 1.912082777999999866e-05
9.980000000000000000e+03 2.058313111999999972e-06
9.975000000000000000e+03 3.102025947999999798e-06
9.970000000000000000e+03 7.059999999999999956e-07
9.965000000000000000e+03 -1.099064975000000096e-06
9.960000000000000000e+03 -9.729999999999998321e-07
9.955000000000000000e+03 -5.220713209999999264e-06
9.950000000000000000e+03 1.591239007999999821e-05
9.945000000000000000e+03 5.214767298000000200e-06
9.940000000000000000e+03 7.230000000000000022e-07
9.935000000000000000e+03 5.239121382999999695e-06
9.930000000000000000e+03 7.333033135999999847e-06
9.925000000000000000e+03 -8.234694251000000546e-06
9.920000000000000000e+03 7.500447100000000398e-06
9.915000000000000000e+03 1.093978761000000043e-05
9.910000000000000000e+03 7.336325942999999308e-06
9.905000000000000000e+03 4.198542155999999728e-06
9.900000000000000000e+03 -1.505058899000000088e-06
9.895000000000000000e+03 1.902765071000000051e-06
9.890000000000000000e+03 1.943767566000000218e-06
9.885000000000000000e+03 1.890653074999999884e-06
9.880000000000000000e+03 1.274252281000000034e-06
9.875000000000000000e+03 1.046293763999999955e-05
9.870000000000000000e+03 6.646331167000000300e-06
9.865000000000000000e+03 9.727392462000000216e-06
9.860000000000000000e+03 1.205625944000000034e-05
9.855000000000000000e+03 7.373117259999999268e-06
9.850000000000000000e+03 7.565144915000000191e-06
9.845000000000000000e+03 1.142491003999999966e-05
9.840000000000000000e+03 4.201902483999999646e-06
9.835000000000000000e+03 -2.511358762000000336e-06
9.830000000000000000e+03 7.537077180999999505e-06
9.825000000000000000e+03 7.756350677999999992e-06
9.820000000000000000e+03 2.566453186000000131e-06
9.815000000000000000e+03 9.200627683000001052e-06
9.810000000000000000e+03 8.081321721000000365e-06
9.805000000000000000e+03 9.116655565000000803e-06
9.800000000000000000e+03 7.351136301000000089e-06
9.795000000000000000e+03 2.905170258999999947e-06
9.790000000000000000e+03 -5.459999999999999922e-08
9.785000000000000000e+03 3.087896329999999720e-06
9.780000000000000000e+03 1.461309381000000095e-05
9.775000000000000000e+03 7.771349627999998792e-06
9.770000000000000000e+03 1.876481692000000155e-05
9.765000000000000000e+03 7.936409675000000416e-06
9.760000000000000000e+03 -4.473301815000000351e-06
9.755000000000000000e+03 -4.088271817000000040e-06
9.750000000000000000e+03 -6.776854278999999287e-06
9.745000000000000000e+03 -6.540000000000000064e-07
9.740000000000000000e+03 4.868228570999999810e-06
9.735000000000000000e+03 -8.000000000000000697e-07
9.730000000000000000e+03 9.652694571000000666e-06
9.725000000000000000e+03 1.003866345999999929e-06
9.720000000000000000e+03 -6.107535445999999589e-06
9.715000000000000000e+03 -4.429712717000000412e-06
9.710000000000000000e+03 6.899552535999999748e-06
9.705000000000000000e+03 6.334327627000000018e-06
9.700000000000000000e+03 6.499999999999999176e-07
9.695000000000000000e+03 7.662096177000000724e-06
9.690000000000000000e+03 -8.089854382000000155e-06
9.685000000000000000e+03 -4.883294458999999811e-06
9.680000000000000000e+03 7.531506707999999996e-06
9.675000000000000000e+03 3.339545510000000087e-06
9.670000000000000000e+03 3.483251785000000082e-06
9.665000000000000000e+03 5.940000000000000515e-07
9.660000000000000000e+03 -5.480913678000000182e-06
9.655000000000000000e+03 5.050000000000000354e-07
9.650000000000000000e+03 -3.839240816999999747e-06
9.645000000000000000e+03 5.913028143999999570e-06
9.640000000000000000e+03 -1.572439563000000020e-05
9.635000000000000000e+03 1.342939212999999974e-05
9.630000000000000000e+03 9.980000000000000162e-07
9.625000000000000000e+03 -3.797746613000000078e-06
9.620000000000000000e+03 8.908836170999999331e-06
9.615000000000000000e+03 6.951221730999999778e-06
9.610000000000000000e+03 -3.826970350999999655e-06
9.605000000000000000e+03 -2.659999999999999996e-08
9.600000000000000000e+03 1.828991662000000015e-06
9.595000000000000000e+03 -1.422542728999999989e-05
9.590000000000000000e+03 3.236402407999999890e-06
9.585000000000000000e+03 -4.711357760000000414e-06
9.580000000000000000e+03 8.451556786999998890e-06
9.575000000000000000e+03 -3.756641236000000249e-06
9.570000000000000000e+03 -6.189175765000000887e-06
9.565000000000000000e+03 3.402847214999999699e-06
9.560000000000000000e+03 -5.247502122000000019e-06
9.555000000000000000e+03 7.220000000000000330e-07
9.550000000000000000e+03 -5.419331137000000547e-06
9.545000000000000000e+03 -1.972503087000000042e-06
9.540000000000000000e+03 -7.493266021000000201e-06
9.535000000000000000e+03 3.059999999999999607e-07
9.530000000000000000e+03 4.166798898999999992e-06
9.525000000000000000e+03 -2.197188150999999801e-06
9.520000000000000000e+03 -1.856099261000000076e-06
9.515000000000000000e+03 1.742194145000000066e-06
9.510000000000000000e+03 7.534744217999999297e-06
9.505000000000000000e+03 7.945242105000001190e-06
9.500000000000000000e+03 5.497094825999999929e-06
9.495000000000000000e+03 2.157323527999999963e-05
9.490000000000000000e+03 1.256632618999999979e-05
9.485000000000000000e+03 4.027026006999999732e-06
9.480000000000000000e+03 -2.899272076000000272e-06
9.475000000000000000e+03 4.283211600999999968e-06
9.470000000000000000e+03 -7.778731523999999321e-06
9.465000000000000000e+03 6.251783343000000257e-06
9.460000000000000000e+03 1.180000000000000111e-07
9.455000000000000000e+03 1.010008506000000137e-05
9.450000000000000000e+03 1.937224005999999899e-06
9.445000000000000000e+03 1.304927397999999978e-05
9.440000000000000000e+03 7.172594195999999432e-06
9.435000000000000000e+03 1.391044934000000051e-06
9.430000000000000000e+03 1.595784852000000143e-06
9.425000000000000000e+03 9.252644959000000288e-06
9.420000000000000000e+03 -9.459999999999999212e-07
9.415000000000000000e+03 -3.769715839999999954e-06
9.410000000000000000e+03 -3.984403155999999507e-06
9.405000000000000000e+03 3.715326602000000389e-06
9.400000000000000000e+03 1.009600469999999840e-05
9.395000000000000000e+03 -1.583263802000000137e-06
9.390000000000000000e+03 1.298057846999999905e-05
9.385000000000000000e+03 1.741063664999999955e-05
9.380000000000000000e+03 3.510333480999999883e-06
9.375000000000000000e+03 7.498622289999999838e-06
9.370000000000000000e+03 -3.219999999999999452e-07
9.365000000000000000e+03 -2.515650121000000125e-06
9.360000000000000000e+03 3.464937909000000253e-06
9.355000000000000000e+03 3.198743506999999925e-06
9.350000000000000000e+03 -3.150847915000000246e-06
9.345000000000000000e+03 4.442044883000000280e-06
9.340000000000000000e+03 8.296503220000000348e-06
9.335000000000000000e+03 8.118441909999999837e-06
9.330000000000000000e+03 6.857470725999999888e-06
9.325000000000000000e+03 -4.945300751999999239e-06
9.320000000000000000e+03 2.615897392000000087e-06
9.315000000000000000e+03 1.227750559000000077e-05
9.310000000000000000e+03 2.630000000000000125e-07
9.305000000000000000e+03 -4.499658534999999496e-06
9.300000000000000000e+03 1.412864541999999972e-05
9.295000000000000000e+03 3.500748717000000220e-06
9.290000000000000000e+03 -1.647086347999999895e-05
9.285000000000000000e+03 9.871517540999999419e-06
9.280000000000000000e+03 7.173994089999999788e-06
9.275000000000000000e+03 5.427323048999999761e-06
9.270000000000000000e+03 1.012783730000000088e-05
9.265000000000000000e+03 5.579999999999999938e-07
9.260000000000000000e+03 4.804269701999999467e-06
9.255000000000000000e+03 5.005596903999999763e-06
9.250000000000000000e+03 5.169999999999999840e-07
9.245000000000000000e+03 1.018549082999999928e-05
9.240000000000000000e+03 6.326535949000000185e-06
9.235000000000000000e+03 8.496980881000000551e-06
9.230000000000000000e+03 5.715168080999999659e-06
9.225000000000000000e+03 9.418689878999999523e-06
9.220000000000000000e+03 9.678997449000000376e-06
9.215000000000000000e+03 1.419550390000000173e-06
9.210000000000000000e+03 -1.277557602999999894e-06
9.205000000000000000e+03 8.649095543999999841e-06
9.200000000000000000e+03 8.877179352999999432e-06
9.195000000000000000e+03 1.691130746999999828e-06
9.190000000000000000e+03 1.020038151000000068e-05
9.185000000000000000e+03 3.800748964000000044e-06
9.180000000000000000e+03 9.905047481999998421e-06
9.175000000000000000e+03 2.850657329000000195e-06
9.170000000000000000e+03 5.588704952999999183e-06
9.165000000000000000e+03 1.553713111000000027e-05
9.160000000000000000e+03 1.264736201999999969e-06
9.155000000000000000e+03 7.310388609999999474e-06
9.150000000000000000e+03 1.423180655999999907e-06
9.145000000000000000e+03 6.857276893999999801e-06
9.140000000000000000e+03 8.040038520000000920e-06
9.135000000000000000e+03 5.394042818999999941e-06
9.130000000000000000e+03 2.459854003999999960e-06
9.125000000000000000e+03 8.678157465000000374e-06
9.120000000000000000e+03 7.239899131999999735e-06
9.115000000000000000e+03 1.402306720000000092e-05
9.110000000000000000e+03 5.097327521000000508e-06
9.105000000000000000e+03 5.319740740000000052e-06
9.100000000000000000e+03 1.771647802999999983e-06
9.095000000000000000e+03 1.277110860000000028e-06
9.090000000000000000e+03 -1.509999999999999889e-07
9.085000000000000000e+03 9.932763641999999194e-06
9.080000000000000000e+03 1.636487664999999959e-05
9.075000000000000000e+03 1.342986942999999938e-05
9.070000000000000000e+03 2.000254607999999809e-06
9.065000000000000000e+03 2.068630711000000106e-06
9.060000000000000000e+03 -4.344010085000000307e-06
9.055000000000000000e+03 2.547607873999999945e-06
9.050000000000000000e+03 3.953384294000000119e-06
9.045000000000000000e+03 4.724163446000000190e-06
9.040000000000000000e+03 8.620088920000000315e-06
9.035000000000000000e+03 3.390575293000000254e-06
9.030000000000000000e+03 7.662461720999999432e-06
9.025000000000000000e+03 -2.851515892000000192e-06
9.020000000000000000e+03 5.825391271999999843e-06
9.015000000000000000e+03 8.916381630000000367e-06
9.010000000000000000e+03 1.780904713000000143e-05
9.005000000000000000e+03 4.018162143999999813e-06
9.000000000000000000e+03 -3.229719878000000078e-06
8.995000000000000000e+03 1.186741282999999940e-05
8.990000000000000000e+03 1.240678945999999983e-05
8.985000000000000000e+03 2.328572096000000116e-05
8.980000000000000000e+03 1.397467568000000051e-06
8.975000000000000000e+03 3.104455244999999844e-06
8.970000000000000000e+03 1.377919805000000048e-05
8.965000000000000000e+03 2.316576428999999750e-05
8.960000000000000000e+03 1.325371092999999946e-05
8.955000000000000000e+03 2.149557695000000264e-05
8.950000000000000000e+03 2.045011614000000061e-05
8.945000000000000000e+03 1.884373836000000161e-05
8.940000000000000000e+03 1.158554804999999989e-05
8.935000000000000000e+03 2.139125251999999936e-05
8.930000000000000000e+03 1.017754896999999994e-05
8.925000000000000000e+03 1.816006261000000137e-05
8.920000000000000000e+03 4.446193924999999764e-06
8.915000000000000000e+03 1.226637978000000076e-05
8.910000000000000000e+03 2.034304430999999650e-05
8.905000000000000000e+03 2.282771282000000033e-05
8.900000000000000000e+03 1.389195095000000031e-05
8.895000000000000000e+03 1.717726233999999918e-05
8.890000000000000000e+03 1.219409169000000084e-05
8.885000000000000000e+03 2.067738677999999780e-05
8.880000000000000000e+03 2.133962232999999926e-05
8.875000000000000000e+03 2.380903345000000108e-05
8.870000000000000000e+03 1.576003153000000054e-05
8.865000000000000000e+03 1.993683400000000164e-05
8.860000000000000000e+03 1.824918436000000141e-05
8.855000000000000000e+03 2.110048197000000028e-05
8.850000000000000000e+03 2.981377299999999852e-05
8.845000000000000000e+03 3.311436390999999562e-05
8.840000000000000000e+03 3.553663845999999719e-05
8.835000000000000000e+03 3.316173329999999635e-05
8.830000000000000000e+03 3.652644343999999983e-05
8.825000000000000000e+03 3.365775802999999605e-05
8.820000000000000000e+03 3.666721283999999851e-05
8.815000000000000000e+03 4.984681960000000015e-05
8.810000000000000000e+03 4.754154011999999944e-05
8.805000000000000000e+03 4.625030793000000653e-05
8.800000000000000000e+03 4.947084467999999597e-05
8.795000000000000000e+03 6.050489842999999437e-05
8.790000000000000000e+03 6.504179910000000011e-05
8.785000000000000000e+03 6.695706396999999497e-05
8.780000000000000000e+03 7.178016007000000034e-05
8.775000000000000000e+03 8.589957840999998923e-05
8.770000000000000000e+03 8.375926875000000579e-05
8.765000000000000000e+03 9.549167938999999833e-05
8.760000000000000000e+03 1.082717534000000002e-04
8.755000000000000000e+03 1.247015037000000150e-04
8.750000000000000000e+03 1.278996932999999867e-04
8.745000000000000000e+03 1.393061969000000048e-04
8.740000000000000000e+03 1.469683740000000027e-04
8.735000000000000000e+03 1.639869622999999912e-04
8.730000000000000000e+03 1.766801067000000139e-04
8.725000000000000000e+03 1.958882435999999999e-04
8.720000000000000000e+03 2.272295578999999769e-04
8.715000000000000000e+03 2.411895618000000187e-04
8.710000000000000000e+03 2.629105002000000062e-04
8.705000000000000000e+03 2.889054082000000055e-04
8.700000000000000000e+03 3.201482445000000242e-04
8.695000000000000000e+03 3.515164182000000341e-04
8.690000000000000000e+03 3.896505386000000061e-04
8.685000000000000000e+03 4.322440550000000280e-04
8.680000000000000000e+03 4.882101342000000604e-04
8.675000000000000000e+03 5.373354629000000196e-04
8.670000000000000000e+03 6.029016152000000800e-04
8.665000000000000000e+03 6.508992612000000276e-04
8.660000000000000000e+03 7.241437584000000359e-04
8.655000000000000000e+03 8.066878467999999630e-04
8.650000000000000000e+03 8.937183021999999932e-04
8.645000000000000000e+03 1.004611253999999941e-03
8.640000000000000000e+03 1.114411429000000068e-03
8.635000000000000000e+03 1.269483416999999921e-03
8.630000000000000000e+03 1.404301374999999963e-03
8.625000000000000000e+03 1.561198830999999902e-03
8.620000000000000000e+03 1.769576371000000170e-03
8.615000000000000000e+03 1.979537308000000034e-03
8.610000000000000000e+03 2.239374965000000186e-03
8.605000000000000000e+03 2.512391805999999918e-03
8.600000000000000000e+03 2.860992252999999992e-03
8.595000000000000000e+03 3.229092955999999896e-03
8.590000000000000000e+03 3.665404617999999844e-03
8.585000000000000000e+03 4.200313090999999860e-03
8.580000000000000000e+03 4.785870313999999841e-03
8.575000000000000000e+03 5.469921231000000363e-03
8.570000000000000000e+03 6.285658479000000645e-03
8.565000000000000000e+03 7.215669154999999890e-03
8.560000000000000000e+03 8.397135139000000761e-03
8.555000000000000000e+03 9.680312276000000576e-03
8.550000000000000000e+03 1.123107075999999968e-02
8.545000000000000000e+03 1.313550352999999851e-02
8.540000000000000000e+03 1.532353996999999933e-02
8.535000000000000000e+03 1.795873046000000250e-02
8.530000000000000000e+03 2.113950013999999974e-02
8.525000000000000000e+03 2.492473840999999760e-02
8.520000000000000000e+03 2.960658789000000096e-02
8.515000000000000000e+03 3.513911009000000168e-02
8.510000000000000000e+03 4.197246074999999577e-02
8.505000000000000000e+03 5.022095203000000174e-02
8.500000000000000000e+03 6.027645588000000304e-02
8.495000000000000000e+03 7.293647765999999866e-02
8.490000000000000000e+03 8.797044753999999633e-02
8.485000000000000000e+03 1.062746143000000004e-01
8.480000000000000000e+03 1.292212295999999871e-01
8.475000000000000000e+03 1.564097403999999969e-01
8.470000000000000000e+03 1.893834305000000051e-01
8.465000000000000000e+03 2.287530518000000235e-01
8.460000000000000000e+03 2.750351334000000203e-01
8.455000000000000000e+03 3.284459686000000267e-01
8.450000000000000000e+03 3.877547454999999976e-01
8.445000000000000000e+03 4.546575928000000100e-01
8.440000000000000000e+03 5.237633513999999657e-01
8.435000000000000000e+03 5.946235656999999675e-01
8.430000000000000000e+03 6.664477539000001061e-01
8.425000000000000000e+03 7.321781158000000289e-01
8.420000000000000000e+03 7.921353148999998872e-01
8.415000000000000000e+03 8.443735503999999503e-01
8.410000000000000000e+03 8.870565032999999655e-01
8.405000000000000000e+03 9.208383942000000211e-01
8.400000000000000000e+03 9.459501647999999374e-01
8.395000000000000000e+03 9.645036315999999665e-01
8.390000000000000000e+03 9.765485381999999825e-01
8.385000000000000000e+03 9.842081450999999870e-01
8.380000000000000000e+03 9.888623047000000277e-01
8.375000000000000000e+03 9.912133789000000528e-01
8.370000000000000000e+03 9.924942016999999117e-01
8.365000000000000000e+03 9.924635314999999958e-01
8.360000000000000000e+03 9.920948029000000723e-01
8.355000000000000000e+03 9.917640685999999928e-01
8.350000000000000000e+03 9.916521453999999069e-01
8.345000000000000000e+03 9.916548920000000100e-01
8.340000000000000000e+03 9.915889740000000119e-01
8.335000000000000000e+03 9.917921447999999973e-01
8.330000000000000000e+03 9.921825409000000207e-01
8.325000000000000000e+03 9.930358887000000356e-01
8.320000000000000000e+03 9.933978270999999083e-01
8.315000000000000000e+03 9.942379760999999760e-01
8.310000000000000000e+03 9.943536376999999593e-01
8.305000000000000000e+03 9.946827698000000328e-01
8.300000000000000000e+03 9.955471039000000077e-01
8.295000000000000000e+03 9.957063293000000259e-01
8.290000000000000000e+03 9.957360840000000213e-01
8.285000000000000000e+03 9.958719634999999570e-01
8.280000000000000000e+03 9.958109283000000644e-01
8.275000000000000000e+03 9.957166290000000197e-01
8.270000000000000000e+03 9.956534576000000136e-01
8.265000000000000000e+03 9.950816344999999785e-01
8.260000000000000000e+03 9.951735686999999553e-01
8.255000000000000000e+03 9.951554871000000135e-01
8.250000000000000000e+03 9.945260620000000440e-01
8.245000000000000000e+03 9.945963286999999209e-01
8.240000000000000000e+03 9.946743773999999760e-01
8.235000000000000000e+03 9.943157958999999657e-01
8.230000000000000000e+03 9.939876556000000196e-01
8.225000000000000000e+03 9.940416718000000262e-01
8.220000000000000000e+03 9.941124725000000106e-01
8.215000000000000000e+03 9.937405395999999724e-01
8.210000000000000000e+03 9.937602234000000312e-01
8.205000000000000000e+03 9.937709044999999408e-01
8.200000000000000000e+03 9.937664032000000924e-01
8.195000000000000000e+03 9.936050414999999525e-01
8.190000000000000000e+03 9.936505126999999327e-01
8.185000000000000000e+03 9.937686157000000797e-01
8.180000000000000000e+03 9.937658690999999767e-01
8.175000000000000000e+03 9.936257935000000208e-01
8.170000000000000000e+03 9.938091278000000806e-01
8.165000000000000000e+03 9.936091613999999961e-01
8.160000000000000000e+03 9.934844207999999899e-01
8.155000000000000000e+03 9.932443999999999162e-01
8.150000000000000000e+03 9.934365081999999569e-01
8.145000000000000000e+03 9.933563232000000021e-01
8.140000000000000000e+03 9.931806183000000399e-01
8.135000000000000000e+03 9.933398438000000663e-01
8.130000000000000000e+03 9.937632750999999542e-01
8.125000000000000000e+03 9.935585021999999711e-01
8.120000000000000000e+03 9.936003875999999124e-01
8.115000000000000000e+03 9.934976958999999219e-01
8.110000000000000000e+03 9.935987854000000175e-01
8.105000000000000000e+03 9.937478638000000197e-01
8.100000000000000000e+03 9.939530945000000228e-01
8.095000000000000000e+03 9.940550994999999279e-01
8.090000000000000000e+03 9.944313048999999793e-01
8.085000000000000000e+03 9.946582793999999561e-01
8.080000000000000000e+03 9.942747497999999684e-01
8.075000000000000000e+03 9.945407104000000276e-01
8.070000000000000000e+03 9.944265746999999545e-01
8.065000000000000000e+03 9.947532653999999752e-01
8.060000000000000000e+03 9.946127318999999911e-01
8.055000000000000000e+03 9.948171997000000433e-01
8.050000000000000000e+03 9.942649840999999711e-01
8.045000000000000000e+03 9.947015380999999490e-01
8.040000000000000000e+03 9.946143340999999971e-01
8.035000000000000000e+03 9.943007660000000580e-01
8.030000000000000000e+03 9.941291046000000353e-01
8.025000000000000000e+03 9.941996765000000735e-01
8.020000000000000000e+03 9.939924621999999266e-01
8.015000000000000000e+03 9.938973998999999226e-01
8.010000000000000000e+03 9.932984924000000104e-01
8.005000000000000000e+03 9.932203673999999705e-01
8.000000000000000000e+03 9.934193419999999275e-01
7.995000000000000000e+03 9.931546783000000378e-01
7.990000000000000000e+03 9.931680298000000739e-01
7.985000000000000000e+03 9.927029418999999688e-01
7.980000000000000000e+03 9.927520751999999726e-01
7.975000000000000000e+03 9.927450561999999756e-01
7.970000000000000000e+03 9.929573059000000868e-01
7.965000000000000000e+03 9.929946135999999646e-01
7.960000000000000000e+03 9.931105804000001092e-01
7.955000000000000000e+03 9.931090545999999852e-01
7.950000000000000000e+03 9.934402466000000764e-01
7.945000000000000000e+03 9.937287139999999575e-01
7.940000000000000000e+03 9.940861510999999817e-01
7.935000000000000000e+03 9.941497040000000229e-01
7.930000000000000000e+03 9.946524048000000562e-01
7.925000000000000000e+03 9.948236846999999328e-01
7.920000000000000000e+03 9.950283813000000421e-01
7.915000000000000000e+03 9.953330993999999210e-01
7.910000000000000000e+03 9.955396270999998798e-01
7.905000000000000000e+03 9.958560944000000026e-01
7.900000000000000000e+03 9.958530425999999602e-01
7.895000000000000000e+03 9.960378264999999454e-01
7.890000000000000000e+03 9.961396027000000153e-01
7.885000000000000000e+03 9.961531067000000128e-01
7.880000000000000000e+03 9.960416411999999386e-01
7.875000000000000000e+03 9.960094452000000098e-01
7.870000000000000000e+03 9.957293701000000663e-01
7.865000000000000000e+03 9.958507538000000991e-01
7.860000000000000000e+03 9.954659271000000365e-01
7.855000000000000000e+03 9.954105377000000976e-01
7.850000000000000000e+03 9.949353790000000641e-01
7.845000000000000000e+03 9.947269439999999463e-01
7.840000000000000000e+03 9.944132996000000224e-01
7.835000000000000000e+03 9.944002532999999255e-01
7.830000000000000000e+03 9.942047119000000377e-01
7.825000000000000000e+03 9.940150452000000580e-01
7.820000000000000000e+03 9.936466980000000504e-01
7.815000000000000000e+03 9.936788939999999792e-01
7.810000000000000000e+03 9.935887909000000739e-01
7.805000000000000000e+03 9.937861633000000250e-01
7.800000000000000000e+03 9.939714813000000149e-01
7.795000000000000000e+03 9.939756774999999323e-01
7.790000000000000000e+03 9.939537048000000041e-01
7.785000000000000000e+03 9.942565917999999225e-01
7.780000000000000000e+03 9.944741057999999523e-01
7.775000000000000000e+03 9.946264648000000541e-01
7.770000000000000000e+03 9.950282287999999697e-01
7.765000000000000000e+03 9.953473662999999805e-01
7.760000000000000000e+03 9.954866027999998979e-01
7.755000000000000000e+03 9.958055878000000583e-01
7.750000000000000000e+03 9.956600951999999838e-01
7.745000000000000000e+03 9.959663390999999866e-01
7.740000000000000000e+03 9.962409209999999460e-01
7.735000000000000000e+03 9.959075164999999785e-01
7.730000000000000000e+03 9.958535766999999650e-01
7.725000000000000000e+03 9.962625121999999500e-01
7.720000000000000000e+03 9.960962677000000376e-01
7.715000000000000000e+03 9.958173369999999691e-01
7.710000000000000000e+03 9.958245850000000399e-01
7.705000000000000000e+03 9.952499390000000279e-01
7.700000000000000000e+03 9.954638672000000188e-01
7.695000000000000000e+03 9.951595306000000640e-01
7.690000000000000000e+03 9.948126983999999728e-01
7.685000000000000000e+03 9.944313811999999642e-01
7.680000000000000000e+03 9.944689178000000185e-01
7.675000000000000000e+03 9.943072510000000586e-01
7.670000000000000000e+03 9.939582061999999718e-01
7.665000000000000000e+03 9.937789153999999625e-01
7.660000000000000000e+03 9.936707305999999962e-01
7.655000000000000000e+03 9.937448120000000884e-01
7.650000000000000000e+03 9.939776611000000761e-01
7.645000000000000000e+03 9.936286925999999742e-01
7.640000000000000000e+03 9.935780334000000602e-01
7.635000000000000000e+03 9.935159301999999526e-01
7.630000000000000000e+03 9.936124419999999846e-01
7.625000000000000000e+03 9.936448669000000899e-01
7.620000000000000000e+03 9.937960814999999837e-01
7.615000000000000000e+03 9.938580322000000189e-01
7.610000000000000000e+03 9.937877655000000310e-01
7.605000000000000000e+03 9.939360045999999782e-01
7.600000000000000000e+03 9.941210938000000219e-01
7.595000000000000000e+03 9.938940429999999493e-01
7.590000000000000000e+03 9.942483520999999547e-01
7.585000000000000000e+03 9.942271422999999775e-01
7.580000000000000000e+03 9.943782805999999974e-01
7.575000000000000000e+03 9.944511414000000160e-01
7.570000000000000000e+03 9.944031524999999982e-01
7.565000000000000000e+03 9.944772338999999794e-01
7.560000000000000000e+03 9.943315887000000464e-01
7.555000000000000000e+03 9.944300079000000236e-01
7.550000000000000000e+03 9.946167755000000499e-01
7.545000000000000000e+03 9.943150330000000148e-01
7.540000000000000000e+03 9.943584441999999690e-01
7.535000000000000000e+03 9.947129058999999440e-01
7.530000000000000000e+03 9.947801208000000006e-01
7.525000000000000000e+03 9.947570038000000947e-01
7.520000000000000000e+03 9.948425292999999447e-01
7.515000000000000000e+03 9.948508452999998974e-01
7.510000000000000000e+03 9.948580169999999834e-01
7.505000000000000000e+03 9.948331450999999825e-01
7.500000000000000000e+03 9.949082946999999733e-01
7.495000000000000000e+03 9.948516845999999525e-01
7.490000000000000000e+03 9.946739196999999644e-01
7.485000000000000000e+03 9.948650360000000914e-01
7.480000000000000000e+03 9.947174072000000145e-01
7.475000000000000000e+03 9.945741271999999356e-01
7.470000000000000000e+03 9.944947815000000357e-01
7.465000000000000000e+03 9.945587921000000886e-01
7.460000000000000000e+03 9.942977141999999047e-01
7.455000000000000000e+03 9.943186187999999426e-01
7.450000000000000000e+03 9.942414856000000301e-01
7.445000000000000000e+03 9.942013549999999533e-01
7.440000000000000000e+03 9.942165375000000527e-01
7.435000000000000000e+03 9.941906738000000354e-01
7.430000000000000000e+03 9.943721008000000472e-01
7.425000000000000000e+03 9.943560028000000273e-01
7.420000000000000000e+03 9.943042755000000010e-01
7.415000000000000000e+03 9.947112273999999532e-01
7.410000000000000000e+03 9.947132111000001053e-01
7.405000000000000000e+03 9.948497009000000224e-01
7.400000000000000000e+03 9.952746582000000508e-01
7.395000000000000000e+03 9.953092956999999297e-01
7.390000000000000000e+03 9.955078124999999778e-01
7.385000000000000000e+03 9.954492188000000352e-01
7.380000000000000000e+03 9.956672668000000614e-01
7.375000000000000000e+03 9.955699920999999675e-01
7.370000000000000000e+03 9.956189728000000017e-01
7.365000000000000000e+03 9.956947327000000847e-01
7.360000000000000000e+03 9.958135986000000717e-01
7.355000000000000000e+03 9.957531738000000576e-01
7.350000000000000000e+03 9.952888489000000227e-01
7.345000000000000000e+03 9.950698852999999566e-01
7.340000000000000000e+03 9.949568938999999723e-01
7.335000000000000000e+03 9.946900940000000801e-01
7.330000000000000000e+03 9.946086884000000516e-01
7.325000000000000000e+03 9.943643187999999800e-01
7.320000000000000000e+03 9.941973114000000056e-01
7.315000000000000000e+03 9.938579559000000341e-01
7.310000000000000000e+03 9.940441894999999528e-01
7.305000000000000000e+03 9.939075470000000578e-01
7.300000000000000000e+03 9.939266205000000243e-01
7.295000000000000000e+03 9.941296387000000401e-01
7.290000000000000000e+03 9.941565703999999393e-01
7.285000000000000000e+03 9.941524506000000150e-01
7.280000000000000000e+03 9.945317841000000936e-01
7.275000000000000000e+03 9.946999359000000540e-01
7.270000000000000000e+03 9.947312927000000471e-01
7.265000000000000000e+03 9.948539734000000356e-01
7.260000000000000000e+03 9.949244690000000890e-01
7.255000000000000000e+03 9.949928284000000289e-01
7.250000000000000000e+03 9.952996063000000282e-01
7.245000000000000000e+03 9.952511596999999988e-01
7.240000000000000000e+03 9.951789856000000656e-01
7.235000000000000000e+03 9.950598144999999173e-01
7.230000000000000000e+03 9.949758147999999691e-01
7.225000000000000000e+03 9.946339416999999683e-01
7.220000000000000000e+03 9.944997406000000151e-01
7.215000000000000000e+03 9.943556976000000880e-01
7.210000000000000000e+03 9.940865325999999058e-01
7.205000000000000000e+03 9.937113189999999818e-01
7.200000000000000000e+03 9.936090088000000264e-01
7.195000000000000000e+03 9.934626007000000314e-01
7.190000000000000000e+03 9.932674407999999566e-01
7.185000000000000000e+03 9.930294037000000351e-01
7.180000000000000000e+03 9.930557251000000640e-01
7.175000000000000000e+03 9.929409027000000165e-01
7.170000000000000000e+03 9.930341339000000600e-01
7.165000000000000000e+03 9.932011414000000427e-01
7.160000000000000000e+03 9.933064269999999363e-01
7.155000000000000000e+03 9.936046600000000284e-01
7.150000000000000000e+03 9.936231994999999984e-01
7.145000000000000000e+03 9.938406372000000433e-01
7.140000000000000000e+03 9.941043854000000124e-01
7.135000000000000000e+03 9.942914580999999696e-01
7.130000000000000000e+03 9.945191192999999208e-01
7.125000000000000000e+03 9.948091125000000368e-01
7.120000000000000000e+03 9.949968719000000794e-01
7.115000000000000000e+03 9.952598571999999866e-01
7.110000000000000000e+03 9.955816650000000045e-01
7.105000000000000000e+03 9.957518005000000061e-01
7.100000000000000000e+03 9.958654022000000827e-01
7.095000000000000000e+03 9.957769774999999379e-01
7.090000000000000000e+03 9.956856537000000618e-01
7.085000000000000000e+03 9.956298827999999768e-01
7.080000000000000000e+03 9.953748322000000037e-01
7.075000000000000000e+03 9.949143218999999538e-01
7.070000000000000000e+03 9.945740508999999507e-01
7.065000000000000000e+03 9.942230225000000532e-01
7.060000000000000000e+03 9.939695740000000779e-01
7.055000000000000000e+03 9.934780883999999590e-01
7.050000000000000000e+03 9.931450653000000184e-01
7.045000000000000000e+03 9.922656250000000400e-01
7.040000000000000000e+03 9.911595154000000241e-01
7.035000000000000000e+03 9.886061096000000603e-01
7.030000000000000000e+03 9.841261291999999772e-01
7.025000000000000000e+03 9.764854431000000723e-01
7.020000000000000000e+03 9.642997742000000150e-01
7.015000000000000000e+03 9.460363006999998881e-01
7.010000000000000000e+03 9.197659301999999704e-01
7.005000000000000000e+03 8.845336150999999481e-01
7.000000000000000000e+03 8.383968352999999762e-01
6.995000000000000000e+03 7.834713745000000396e-01
6.990000000000000000e+03 7.204711914000000439e-01
6.985000000000000000e+03 6.496893310999999338e-01
6.980000000000000000e+03 5.767966461000000322e-01
6.975000000000000000e+03 5.034749603000000517e-01
6.970000000000000000e+03 4.330518723000000292e-01
6.965000000000000000e+03 3.684201049999999977e-01
6.960000000000000000e+03 3.100305556999999879e-01
6.955000000000000000e+03 2.594771384999999819e-01
6.950000000000000000e+03 2.155294799999999955e-01
6.945000000000000000e+03 1.791116333000000171e-01
6.940000000000000000e+03 1.487746238999999859e-01
6.935000000000000000e+03 1.228763390000000011e-01
6.930000000000000000e+03 1.021105099000000072e-01
6.925000000000000000e+03 8.489377974999999521e-02
6.920000000000000000e+03 7.049094677000000697e-02
6.915000000000000000e+03 5.869603634000000042e-02
6.910000000000000000e+03 4.886464595999999438e-02
6.905000000000000000e+03 4.070514202000000137e-02
6.900000000000000000e+03 3.390259266000000132e-02
6.895000000000000000e+03 2.821267128000000055e-02
6.890000000000000000e+03 2.352427721000000319e-02
6.885000000000000000e+03 1.949859976999999966e-02
6.880000000000000000e+03 1.620687485000000053e-02
6.875000000000000000e+03 1.349876164999999975e-02
6.870000000000000000e+03 1.116865395999999851e-02
6.865000000000000000e+03 9.288825989000000505e-03
6.860000000000000000e+03 7.723396420000000484e-03
6.855000000000000000e+03 6.411358118000000210e-03
6.850000000000000000e+03 5.340871215000000082e-03
6.845000000000000000e+03 4.452472626999999517e-03
6.840000000000000000e+03 3.728998600999999628e-03
6.835000000000000000e+03 3.127862811000000146e-03
6.830000000000000000e+03 2.638902961999999887e-03
6.825000000000000000e+03 2.230946272999999921e-03
6.820000000000000000e+03 1.889640689000000005e-03
6.815000000000000000e+03 1.619270891000000037e-03
6.810000000000000000e+03 1.388949752000000031e-03
6.805000000000000000e+03 1.191667393000000151e-03
6.800000000000000000e+03 1.042085439000000084e-03
6.795000000000000000e+03 9.011410922000000732e-04
6.790000000000000000e+03 7.903657108999999044e-04
6.785000000000000000e+03 6.933375447999999596e-04
6.780000000000000000e+03 6.140656024000000100e-04
6.775000000000000000e+03 5.446968228000000122e-04
6.770000000000000000e+03 4.876711591999999848e-04
6.765000000000000000e+03 4.326884449000000074e-04
6.760000000000000000e+03 3.898322582000000132e-04
6.755000000000000000e+03 3.512144834000000167e-04
6.750000000000000000e+03 3.173841535999999972e-04
6.745000000000000000e+03 2.860169298999999860e-04
6.740000000000000000e+03 2.562522516000000018e-04
6.735000000000000000e+03 2.332017943000000058e-04
6.730000000000000000e+03 2.105225436000000166e-04
6.725000000000000000e+03 1.908123306999999925e-04
6.720000000000000000e+03 1.715678162999999994e-04
6.715000000000000000e+03 1.520944666000000089e-04
6.710000000000000000e+03 1.386682875000000111e-04
6.705000000000000000e+03 1.220597791999999921e-04
6.700000000000000000e+03 1.102402526999999921e-04
6.695000000000000000e+03 9.575235656999999464e-05
6.690000000000000000e+03 8.546189404999999508e-05
6.685000000000000000e+03 7.827761583000000085e-05
6.680000000000000000e+03 6.625346374000000459e-05
6.675000000000000000e+03 5.845473613999999725e-05
6.670000000000000000e+03 5.151264834999999391e-05
6.665000000000000000e+03 4.718523473000000055e-05
6.660000000000000000e+03 4.163533448999999883e-05
6.655000000000000000e+03 3.759271465000000049e-05
6.650000000000000000e+03 3.511675167999999645e-05
6.645000000000000000e+03 2.829817588999999911e-05
6.640000000000000000e+03 2.901619066999999952e-05
6.635000000000000000e+03 2.516688312999999913e-05
6.630000000000000000e+03 2.170737599999999923e-05
6.625000000000000000e+03 2.035124226999999946e-05
6.620000000000000000e+03 1.821285695999999945e-05
6.615000000000000000e+03 1.843324163999999940e-05
6.610000000000000000e+03 1.507519860999999993e-05
6.605000000000000000e+03 1.365044735999999963e-05
6.600000000000000000e+03 1.390530960999999958e-05
6.595000000000000000e+03 1.277763628999999957e-05
6.590000000000000000e+03 1.168115762999999905e-05
6.585000000000000000e+03 1.143726404000000059e-05
6.580000000000000000e+03 1.131364144000000080e-05
6.575000000000000000e+03 1.046610297999999985e-05
6.570000000000000000e+03 1.090009813000000152e-05
6.565000000000000000e+03 9.244564570999999883e-06
6.560000000000000000e+03 9.332148474999999745e-06
6.555000000000000000e+03 8.538682595999999212e-06
6.550000000000000000e+03 9.690629668000000490e-06
6.545000000000000000e+03 8.368489798000000056e-06
6.540000000000000000e+03 7.042712532000000494e-06
6.535000000000000000e+03 8.179194992000000017e-06
6.530000000000000000e+03 6.731412722999999292e-06
6.525000000000000000e+03 6.029750219999999691e-06
6.520000000000000000e+03 7.324056932999999415e-06
6.515000000000000000e+03 5.483527784000000936e-06
6.510000000000000000e+03 6.218623021000000451e-06
6.505000000000000000e+03 6.585515802999999715e-06
6.500000000000000000e+03 4.623821587000000160e-06
6.495000000000000000e+03 3.715726489000000116e-06
6.490000000000000000e+03 4.966607083999999880e-06
6.485000000000000000e+03 3.720042586999999965e-06
6.480000000000000000e+03 4.407895030000000577e-06
6.475000000000000000e+03 3.249410364999999979e-06
6.470000000000000000e+03 3.486919450000000061e-06
6.465000000000000000e+03 4.116247000999999368e-06
6.460000000000000000e+03 3.091144317000000073e-06
6.455000000000000000e+03 3.997914027000000463e-06
6.450000000000000000e+03 3.596133029000000031e-06
6.445000000000000000e+03 3.176537283999999718e-06
6.440000000000000000e+03 1.512863963999999883e-06
6.435000000000000000e+03 3.243892860999999809e-06
6.430000000000000000e+03 1.226755120999999991e-06
6.425000000000000000e+03 2.604573383000000131e-06
6.420000000000000000e+03 3.525194479000000130e-06
6.415000000000000000e+03 3.197552286999999920e-06
6.410000000000000000e+03 3.608159313000000139e-06
6.405000000000000000e+03 3.502111940000000007e-06
6.400000000000000000e+03 3.528445668000000029e-06
6.395000000000000000e+03 1.902276998999999872e-06
6.390000000000000000e+03 4.417620949000000353e-06
6.385000000000000000e+03 3.115485305999999920e-06
6.380000000000000000e+03 4.639219259999999546e-06
6.375000000000000000e+03 4.074391618000000202e-06
6.370000000000000000e+03 4.125967680000000465e-06
6.365000000000000000e+03 5.316593451000000121e-06
6.360000000000000000e+03 2.075897355000000146e-06
6.355000000000000000e+03 3.073650586999999904e-06
6.350000000000000000e+03 3.791306516999999839e-06
6.345000000000000000e+03 2.910285838999999884e-06
6.340000000000000000e+03 3.368863836000000156e-06
6.335000000000000000e+03 3.551474656000000185e-06
6.330000000000000000e+03 3.002300800000000398e-06
6.325000000000000000e+03 4.186063597000000439e-06
6.320000000000000000e+03 2.742384676999999995e-06
6.315000000000000000e+03 2.579285065000000372e-06
6.310000000000000000e+03 3.565261140000000050e-06
6.305000000000000000e+03 1.022053547999999976e-06
6.300000000000000000e+03 1.801844773999999841e-06
6.295000000000000000e+03 2.029101596999999948e-06
6.290000000000000000e+03 2.494562649999999625e-06
6.285000000000000000e+03 1.817471783999999889e-06
6.280000000000000000e+03 2.357405318999999998e-06
6.275000000000000000e+03 3.743659762999999670e-06
6.270000000000000000e+03 1.713133824999999940e-06
6.265000000000000000e+03 2.573071397000000301e-06
6.260000000000000000e+03 3.233101452000000198e-06
6.255000000000000000e+03 1.170555261000000088e-06
6.250000000000000000e+03 2.311278222000000202e-06
6.245000000000000000e+03 1.991939206999999964e-06
6.240000000000000000e+03 1.768091606000000107e-06
6.235000000000000000e+03 1.251223293000000090e-06
6.230000000000000000e+03 2.164949982999999958e-06
6.225000000000000000e+03 2.650300739000000095e-06
6.220000000000000000e+03 3.067766665000000185e-06
6.215000000000000000e+03 3.274403279999999979e-06
6.210000000000000000e+03 1.210888950000000068e-06
6.205000000000000000e+03 3.659326176000000354e-06
6.200000000000000000e+03 2.012956246999999826e-06
6.195000000000000000e+03 1.524828258000000010e-06
6.190000000000000000e+03 2.665013016999999998e-06
6.185000000000000000e+03 1.510930741999999930e-06
6.180000000000000000e+03 3.011759253999999905e-06
6.175000000000000000e+03 4.764686746000000297e-06
6.170000000000000000e+03 2.105645107999999948e-06
6.165000000000000000e+03 2.391810994999999878e-06
6.160000000000000000e+03 1.987969008000000087e-06
6.155000000000000000e+03 3.029981453000000166e-06
6.150000000000000000e+03 1.714966056000000209e-06
6.145000000000000000e+03 3.129214746999999856e-06
6.140000000000000000e+03 3.622410877000000213e-06
6.135000000000000000e+03 7.360000000000000260e-07
6.130000000000000000e+03 1.091136364000000008e-06
6.125000000000000000e+03 2.106791943999999886e-06
6.120000000000000000e+03 1.481152431000000029e-06
6.115000000000000000e+03 9.360000000000000169e-07
6.110000000000000000e+03 8.190000000000000148e-07
6.105000000000000000e+03 1.526117121000000048e-06
6.100000000000000000e+03 1.277890697000000110e-06
6.095000000000000000e+03 3.246304404000000039e-06
6.090000000000000000e+03 1.740000000000000030e-08
6.085000000000000000e+03 4.210000000000000244e-07
6.080000000000000000e+03 1.979503431000000121e-06
6.075000000000000000e+03 3.011012158999999799e-06
6.070000000000000000e+03 1.789594825999999850e-06
6.065000000000000000e+03 2.463186101999999753e-06
6.060000000000000000e+03 2.575383696000000090e-06
6.055000000000000000e+03 1.652310456999999967e-06
6.050000000000000000e+03 2.380817896000000263e-06
6.045000000000000000e+03 1.707345946000000169e-06
6.040000000000000000e+03 2.030352770999999959e-06
6.035000000000000000e+03 4.537354397999999921e-06
6.030000000000000000e+03 3.921416064000000093e-06
6.025000000000000000e+03 3.893347748000000472e-06
6.020000000000000000e+03 1.086193732999999897e-06
6.015000000000000000e+03 3.691805758999999778e-06
6.010000000000000000e+03 1.852843124999999914e-06
6.005000000000000000e+03 1.022857541000000015e-06
6.000000000000000000e+03 4.056350444000000052e-06
5.995000000000000000e+03 1.271626970000000032e-06
5.990000000000000000e+03 2.843652619000000159e-06
5.985000000000000000e+03 1.986021524999999754e-06
5.980000000000000000e+03 1.268794876999999978e-06
5.975000000000000000e+03 2.845817362000000014e-06
5.970000000000000000e+03 2.365588007000000072e-06
5.965000000000000000e+03 2.611246018000000365e-06
5.960000000000000000e+03 2.879112725999999887e-06
5.955000000000000000e+03 4.176306829000000249e-06
5.950000000000000000e+03 1.148298542999999988e-06
5.945000000000000000e+03 2.341407962000000019e-06
5.940000000000000000e+03 3.218417404999999894e-06
5.935000000000000000e+03 2.450576575999999614e-06
5.930000000000000000e+03 3.708160075000000040e-06
5.925000000000000000e+03 2.996004478000000138e-06
5.920000000000000000e+03 1.002060671000000066e-06
5.915000000000000000e+03 3.949999999999999768e-07
5.910000000000000000e+03 3.469999999999999970e-08
5.905000000000000000e+03 2.463972195999999979e-06
5.900000000000000000e+03 2.244201605000000255e-06
5.895000000000000000e+03 1.714408862999999909e-06
5.890000000000000000e+03 2.127825864999999892e-06
5.885000000000000000e+03 3.009354404999999605e-06
5.880000000000000000e+03 1.363617192999999960e-06
5.875000000000000000e+03 2.826228155999999792e-06
5.870000000000000000e+03 1.235859963000000028e-06
5.865000000000000000e+03 1.770000000000000100e-07
5.860000000000000000e+03 1.739455619999999980e-06
5.855000000000000000e+03 3.125321527000000228e-06
5.850000000000000000e+03 3.765390137999999994e-06
5.845000000000000000e+03 -4.330000000000000259e-07
5.840000000000000000e+03 2.640083840000000179e-06
5.835000000000000000e+03 3.496331046000000057e-06
5.830000000000000000e+03 3.979933681000000314e-06
5.825000000000000000e+03 1.150057868999999962e-06
5.820000000000000000e+03 2.391949965000000218e-06
5.815000000000000000e+03 3.497488796999999884e-06
5.810000000000000000e+03 2.268431853999999887e-06
5.805000000000000000e+03 1.483182423000000131e-06
5.800000000000000000e+03 2.483699645000000339e-06
5.795000000000000000e+03 2.210449310999999880e-06
5.790000000000000000e+03 3.469439106999999854e-06
5.785000000000000000e+03 6.260000000000000204e-07
5.780000000000000000e+03 4.775986890000000186e-06
5.775000000000000000e+03 3.335859509999999984e-06
5.770000000000000000e+03 3.621644864000000303e-06
5.765000000000000000e+03 7.600000000000000291e-07
5.760000000000000000e+03 4.438284667999999366e-06
5.755000000000000000e+03 5.850000000000000106e-07
5.750000000000000000e+03 2.341031213000000158e-06
5.745000000000000000e+03 2.385417464999999786e-06
5.740000000000000000e+03 1.404662907999999993e-06
5.735000000000000000e+03 1.677728433000000168e-06
5.730000000000000000e+03 -9.989999999999998796e-08
5.725000000000000000e+03 2.174369000999999984e-06
5.720000000000000000e+03 1.314059336000000135e-06
5.715000000000000000e+03 1.778477598999999947e-06
5.710000000000000000e+03 1.877274044000000086e-06
5.705000000000000000e+03 -2.010000000000000131e-07
5.700000000000000000e+03 3.242283128000000064e-06
5.695000000000000000e+03 -1.012064312999999841e-06
5.690000000000000000e+03 1.019716801000000018e-06
5.685000000000000000e+03 1.556451607000000156e-06
5.680000000000000000e+03 2.772585722000000020e-06
5.675000000000000000e+03 9.190000000000000103e-07
5.670000000000000000e+03 2.004994893999999763e-06
5.665000000000000000e+03 1.475626776999999941e-06
5.660000000000000000e+03 1.892658620000000138e-06
5.655000000000000000e+03 2.279860345999999913e-06
5.650000000000000000e+03 1.103065078000000029e-06
5.645000000000000000e+03 1.203450011000000033e-06
5.640000000000000000e+03 9.050000000000000173e-07
5.635000000000000000e+03 1.741742889999999926e-06
5.630000000000000000e+03 2.076471718999999947e-06
5.625000000000000000e+03 1.457257166999999955e-06
5.620000000000000000e+03 2.063130231999999755e-06
5.615000000000000000e+03 1.104364055000000122e-06
5.610000000000000000e+03 -6.399999999999999075e-08
5.605000000000000000e+03 3.114955324999999865e-06
5.600000000000000000e+03 2.906516893000000226e-06
5.595000000000000000e+03 2.128911729000000154e-06
5.590000000000000000e+03 1.589388556999999868e-06
5.585000000000000000e+03 8.420000000000000487e-07
5.580000000000000000e+03 1.728217467000000182e-06
5.575000000000000000e+03 1.283312012999999912e-06
5.570000000000000000e+03 1.549528823999999896e-06
5.565000000000000000e+03 1.641031703999999853e-06
5.560000000000000000e+03 3.417877888000000177e-06
5.555000000000000000e+03 1.850459812000000021e-06
5.550000000000000000e+03 1.909948186999999697e-06
5.545000000000000000e+03 2.544427406999999727e-06
5.540000000000000000e+03 6.940000000000000469e-07
5.535000000000000000e+03 2.231030085000000084e-06
5.530000000000000000e+03 1.521782396999999972e-06
5.525000000000000000e+03 3.939061135000000268e-06
5.520000000000000000e+03 5.239999999999999805e-07
5.515000000000000000e+03 -2.270000000000000077e-07
5.510000000000000000e+03 2.117740222999999971e-06
5.505000000000000000e+03 1.035514505999999973e-06
5.500000000000000000e+03 2.698914031000000294e-06
5.495000000000000000e+03 1.579920353999999830e-06
5.490000000000000000e+03 5.060000000000000046e-07
5.485000000000000000e+03 2.518385007999999720e-06
5.480000000000000000e+03 1.095449114999999892e-06
5.475000000000000000e+03 8.500000000000000145e-07
5.470000000000000000e+03 1.933851744999999999e-06
5.465000000000000000e+03 1.119287481000000033e-06
5.460000000000000000e+03 1.239608828000000216e-06
5.455000000000000000e+03 7.090000000000000092e-07
5.450000000000000000e+03 1.860000000000000244e-07
5.445000000000000000e+03 2.279108884999999851e-06
5.440000000000000000e+03 1.668371551000000018e-06
5.435000000000000000e+03 9.270000000000000819e-07
5.430000000000000000e+03 3.737485385000000033e-06
5.425000000000000000e+03 1.026054961000000003e-06
5.420000000000000000e+03 1.321605086999999900e-06
5.415000000000000000e+03 -1.449999999999999881e-07
5.410000000000000000e+03 1.986187272000000136e-06
5.405000000000000000e+03 2.969999999999999794e-08
5.400000000000000000e+03 1.723530148999999881e-06
5.395000000000000000e+03 2.580000000000000074e-07
5.390000000000000000e+03 2.591201919000000147e-06
5.385000000000000000e+03 3.886812483000000280e-06
5.380000000000000000e+03 1.549604640000000055e-06
5.375000000000000000e+03 3.109576645999999615e-06
5.370000000000000000e+03 2.273652207999999785e-06
5.365000000000000000e+03 7.059999999999999956e-07
5.360000000000000000e+03 1.007306855000000065e-06
5.355000000000000000e+03 2.591180672999999946e-06
5.350000000000000000e+03 2.340000000000000042e-07
5.345000000000000000e+03 3.112295235000000016e-06
5.340000000000000000e+03 2.874340571000000055e-06
5.335000000000000000e+03 1.232935900999999982e-06
5.330000000000000000e+03 2.558355044999999807e-06
5.325000000000000000e+03 2.523758448999999815e-06
5.320000000000000000e+03 3.051577951000000309e-06
5.315000000000000000e+03 1.359134329999999847e-06
5.310000000000000000e+03 1.928280398999999971e-06
5.305000000000000000e+03 2.226371579999999799e-06
5.300000000000000000e+03 1.569580636000000034e-06
5.295000000000000000e+03 2.086938766000000101e-06
5.290000000000000000e+03 3.847323533000000127e-06
5.285000000000000000e+03 2.012860641000000088e-06
5.280000000000000000e+03 1.447645627000000147e-06
5.275000000000000000e+03 2.191409585000000248e-06
5.270000000000000000e+03 1.691869693000000126e-06
5.265000000000000000e+03 2.300088526999999790e-06
5.260000000000000000e+03 9.399999999999998939e-07
5.255000000000000000e+03 2.875216887000000394e-06
5.250000000000000000e+03 4.371716350000000233e-06
5.245000000000000000e+03 9.640000000000000030e-07
5.240000000000000000e+03 2.695451840000000070e-06
5.235000000000000000e+03 1.736067352000000142e-06
5.230000000000000000e+03 -1.099999999999999924e-07
5.225000000000000000e+03 3.274434421000000181e-06
5.220000000000000000e+03 1.507956184999999990e-06
5.215000000000000000e+03 6.020000000000000172e-07
5.210000000000000000e+03 3.582033386999999847e-06
5.205000000000000000e+03 2.950367633999999856e-06
5.200000000000000000e+03 9.549999999999999621e-07
5.195000000000000000e+03 4.213658103000000159e-06
5.190000000000000000e+03 1.639125256999999935e-06
5.185000000000000000e+03 2.062069543000000289e-06
5.180000000000000000e+03 3.096219733999999903e-06
5.175000000000000000e+03 6.700000000000000438e-07
5.170000000000000000e+03 1.481323997999999924e-06
5.165000000000000000e+03 1.755244739000000130e-06
5.160000000000000000e+03 3.726670984000000027e-06
5.155000000000000000e+03 2.135104733000000229e-06
5.150000000000000000e+03 1.645475713000000054e-06
5.145000000000000000e+03 2.581125300000000029e-06
5.140000000000000000e+03 2.594577671999999585e-06
5.135000000000000000e+03 7.930000000000000732e-07
5.130000000000000000e+03 7.749999999999999914e-07
5.125000000000000000e+03 3.104514325999999755e-06
5.120000000000000000e+03 2.349316637000000211e-06
5.115000000000000000e+03 4.760092124000000191e-06
5.110000000000000000e+03 4.349451919999999686e-06
5.105000000000000000e+03 1.136530482000000081e-06
5.100000000000000000e+03 4.416863376000000143e-06
5.095000000000000000e+03 3.133367862999999930e-06
5.090000000000000000e+03 1.800294120999999897e-06
5.085000000000000000e+03 2.523993898999999887e-06
5.080000000000000000e+03 2.385555999000000238e-06
5.075000000000000000e+03 3.373229702000000121e-06
5.070000000000000000e+03 2.395630872000000164e-06
5.065000000000000000e+03 2.056422817999999886e-06
5.060000000000000000e+03 4.176103685000000264e-06
5.055000000000000000e+03 2.828005818000000000e-06
5.050000000000000000e+03 2.719048935000000304e-06
5.045000000000000000e+03 2.308778057000000157e-06
5.040000000000000000e+03 1.674325030999999854e-06
5.035000000000000000e+03 2.854477206999999955e-06
5.030000000000000000e+03 5.712498677999999591e-06
5.025000000000000000e+03 2.330545394000000094e-06
5.020000000000000000e+03 3.849773784000000586e-06
5.015000000000000000e+03 2.542882284999999835e-06
5.010000000000000000e+03 1.262788137000000065e-06
5.005000000000000000e+03 4.125384148000000018e-06
5.000000000000000000e+03 2.168374775999999835e-06
4.995000000000000000e+03 2.334110613000000087e-06
4.990000000000000000e+03 3.195429454000000263e-06
4.985000000000000000e+03 1.328301295999999886e-06
4.980000000000000000e+03 7.409999999999999781e-07
4.975000000000000000e+03 1.905626850000000007e-06
4.970000000000000000e+03 9.670000000000000166e-07
4.965000000000000000e+03 5.899999999999999627e-07
4.960000000000000000e+03 2.847692812999999938e-06
4.955000000000000000e+03 2.798088534999999964e-06
4.950000000000000000e+03 2.430410823000000037e-06
4.945000000000000000e+03 3.103316994000000026e-06
4.940000000000000000e+03 2.127678744999999846e-06
4.935000000000000000e+03 8.309999999999999635e-07
4.930000000000000000e+03 1.529437141000000074e-06
4.925000000000000000e+03 3.904829500000000151e-06
4.920000000000000000e+03 1.344938209999999937e-06
4.915000000000000000e+03 1.929633144999999975e-06
4.910000000000000000e+03 2.467956509999999918e-06
4.905000000000000000e+03 4.231908823999999911e-06
4.900000000000000000e+03 2.821268571999999912e-06
4.895000000000000000e+03 2.635478158000000186e-06
4.890000000000000000e+03 2.287576353000000006e-06
4.885000000000000000e+03 1.900243077999999811e-06
4.880000000000000000e+03 2.645843196999999613e-06
4.875000000000000000e+03 1.390000000000000138e-07
4.870000000000000000e+03 3.990000000000000126e-07
4.865000000000000000e+03 1.165087741999999868e-06
4.860000000000000000e+03 1.758847648000000048e-06
4.855000000000000000e+03 4.466163809000000017e-06
4.850000000000000000e+03 3.632179286999999647e-06
4.845000000000000000e+03 1.369999999999999959e-07
4.840000000000000000e+03 1.949999999999999859e-07
4.835000000000000000e+03 6.519999999999999620e-07
4.830000000000000000e+03 9.600000000000001260e-07
4.825000000000000000e+03 2.377166966000000109e-06
4.820000000000000000e+03 8.050000000000000218e-07
4.815000000000000000e+03 2.615133417000000158e-06
4.810000000000000000e+03 2.104813756999999982e-06
4.805000000000000000e+03 8.360000000000000215e-07
4.800000000000000000e+03 3.419645363000000172e-06
4.795000000000000000e+03 1.721678708999999918e-06
4.790000000000000000e+03 2.286550151999999860e-06
4.785000000000000000e+03 3.745940338999999897e-06
4.780000000000000000e+03 2.778874768000000145e-06
4.775000000000000000e+03 4.694053205000000061e-06
4.770000000000000000e+03 6.153311114999999790e-06
4.765000000000000000e+03 3.188930858999999895e-06
4.760000000000000000e+03 3.767513263000000287e-06
4.755000000000000000e+03 2.681426995000000055e-06
4.750000000000000000e+03 1.531200396000000007e-06
4.745000000000000000e+03 4.771142848999999839e-06
4.740000000000000000e+03 1.076857734000000008e-06
4.735000000000000000e+03 2.829538425000000127e-06
4.730000000000000000e+03 2.767358965000000083e-06
4.725000000000000000e+03 2.392819005999999897e-06
4.720000000000000000e+03 3.289548913000000311e-06
4.715000000000000000e+03 9.330000000000000033e-07
4.710000000000000000e+03 1.057054105000000073e-06
4.705000000000000000e+03 1.680693530999999994e-06
4.700000000000000000e+03 2.195467531999999946e-06
4.695000000000000000e+03 1.893933512999999898e-06
4.690000000000000000e+03 1.822395861000000034e-06
4.685000000000000000e+03 1.361096656000000130e-06
4.680000000000000000e+03 2.530000000000000023e-07
4.675000000000000000e+03 3.244158870000000302e-06
4.670000000000000000e+03 2.769396523999999788e-06
4.665000000000000000e+03 2.498860122000000307e-06
4.660000000000000000e+03 2.037177473999999977e-06
4.655000000000000000e+03 1.734821853000000070e-06
4.650000000000000000e+03 4.848044772999999678e-06
4.645000000000000000e+03 1.356589490999999953e-06
4.640000000000000000e+03 5.880000000000000242e-07
4.635000000000000000e+03 2.875436039000000003e-06
4.630000000000000000e+03 2.487845776999999643e-06
4.625000000000000000e+03 1.744363834999999972e-06
4.620000000000000000e+03 1.390585675999999998e-06
4.615000000000000000e+03 2.320000000000000128e-07
4.610000000000000000e+03 1.768954679999999845e-06
4.605000000000000000e+03 4.084272950000000355e-06
4.600000000000000000e+03 1.179999999999999978e-08
4.595000000000000000e+03 7.530000000000000326e-07
4.590000000000000000e+03 5.289999999999999327e-07
4.585000000000000000e+03 2.751009014999999777e-06
4.580000000000000000e+03 3.177350735999999870e-06
4.575000000000000000e+03 7.740000000000000221e-07
4.570000000000000000e+03 3.713356272999999980e-06
4.565000000000000000e+03 -1.197280507999999975e-06
4.560000000000000000e+03 6.230000000000000067e-07
4.555000000000000000e+03 2.834126061999999990e-06
4.550000000000000000e+03 2.717341121999999681e-06
4.545000000000000000e+03 3.233505703999999982e-06
4.540000000000000000e+03 3.085014759999999864e-06
4.535000000000000000e+03 1.633525972000000096e-06
4.530000000000000000e+03 2.043375570999999787e-06
4.525000000000000000e+03 3.086815414000000043e-06
4.520000000000000000e+03 1.276043330999999890e-06
4.515000000000000000e+03 3.853091911999999889e-06
4.510000000000000000e+03 2.029486204000000150e-06
4.505000000000000000e+03 2.313379373000000194e-06
4.500000000000000000e+03 1.983031106999999770e-06
4.495000000000000000e+03 5.950000000000000207e-07
4.490000000000000000e+03 -6.820000000000000189e-08
4.485000000000000000e+03 9.069999999999999558e-07
4.480000000000000000e+03 2.601945888999999939e-06
4.475000000000000000e+03 9.199999999999999795e-07
4.470000000000000000e+03 3.218738711000000124e-06
4.465000000000000000e+03 1.172639459000000099e-06
4.460000000000000000e+03 2.152241940999999902e-06
4.455000000000000000e+03 6.139999999999999659e-07
4.450000000000000000e+03 3.070152014999999950e-06
4.445000000000000000e+03 5.029999999999999910e-07
4.440000000000000000e+03 2.776175970000000067e-06
4.435000000000000000e+03 1.487756671999999921e-06
4.430000000000000000e+03 2.217516157999999901e-06
4.425000000000000000e+03 2.612490498000000446e-06
4.420000000000000000e+03 3.449999999999999791e-07
4.415000000000000000e+03 2.354050375000000129e-06
4.410000000000000000e+03 -4.029999999999999955e-07
4.405000000000000000e+03 3.610000000000000165e-07
4.400000000000000000e+03 4.110043518999999612e-06
4.395000000000000000e+03 7.100000000000000843e-07
4.390000000000000000e+03 2.813217288000000050e-06
4.385000000000000000e+03 2.720387420000000352e-06
4.380000000000000000e+03 1.492233713999999988e-06
4.375000000000000000e+03 1.521381199999999941e-06
4.370000000000000000e+03 1.590000000000000076e-07
4.365000000000000000e+03 2.270892728000000024e-06
4.360000000000000000e+03 1.600768736999999978e-06
4.355000000000000000e+03 3.236426272999999957e-06
4.350000000000000000e+03 -2.160000000000000019e-07
4.345000000000000000e+03 7.100000000000000843e-07
4.340000000000000000e+03 1.454253652000000213e-06
4.335000000000000000e+03 2.130271459000000081e-06
4.330000000000000000e+03 -5.400000000000000179e-07
4.325000000000000000e+03 2.150076615999999841e-06
4.320000000000000000e+03 3.007143096000000027e-06
4.315000000000000000e+03 2.202309114999999786e-06
4.310000000000000000e+03 3.418794367000000201e-06
4.305000000000000000e+03 6.062238825999999341e-06
4.300000000000000000e+03 3.685456759000000070e-06
4.295000000000000000e+03 6.244487595000000098e-06
4.290000000000000000e+03 3.703312832000000148e-06
4.285000000000000000e+03 2.466189325999999815e-06
4.280000000000000000e+03 1.781055034000000133e-06
4.275000000000000000e+03 4.411344998999999877e-06
4.270000000000000000e+03 7.799999999999999435e-07
4.265000000000000000e+03 2.348520210999999775e-06
4.260000000000000000e+03 2.127362967999999661e-06
4.255000000000000000e+03 2.397007338000000238e-06
4.250000000000000000e+03 2.240795583999999864e-06
4.245000000000000000e+03 9.190000000000000103e-07
4.240000000000000000e+03 3.027318744000000029e-06
4.235000000000000000e+03 2.850817981999999674e-06
4.230000000000000000e+03 3.376445093000000394e-06
4.225000000000000000e+03 3.415149404000000199e-06
4.220000000000000000e+03 5.696750013000000074e-06
4.215000000000000000e+03 5.798190832000000439e-06
4.210000000000000000e+03 1.823258790000000199e-06
4.205000000000000000e+03 1.098675202000000001e-06
4.200000000000000000e+03 2.997598785000000041e-06
4.195000000000000000e+03 1.994292251999999963e-06
4.190000000000000000e+03 2.680000000000000175e-07
4.185000000000000000e+03 6.740000000000000267e-07
4.180000000000000000e+03 -1.850000000000000022e-07
4.175000000000000000e+03 -2.840000000000000020e-07
4.170000000000000000e+03 1.080560178000000046e-06
4.165000000000000000e+03 3.101219480999999890e-06
4.160000000000000000e+03 -5.509999999999999973e-07
4.155000000000000000e+03 2.221983304000000069e-06
4.150000000000000000e+03 2.293881116000000287e-06
4.145000000000000000e+03 2.783897216000000211e-06
4.140000000000000000e+03 2.155299880999999816e-06
4.135000000000000000e+03 2.801402879000000364e-06
4.130000000000000000e+03 4.152605543000000157e-06
4.125000000000000000e+03 3.830000000000000282e-07
4.120000000000000000e+03 2.430722379000000262e-06
4.115000000000000000e+03 1.953124155999999944e-06
4.110000000000000000e+03 -4.119999999999999835e-07
4.105000000000000000e+03 1.265653117999999989e-06
4.100000000000000000e+03 2.738430338999999950e-06
4.095000000000000000e+03 3.145660447999999897e-06
4.090000000000000000e+03 -1.449999999999999881e-07
4.085000000000000000e+03 -1.170000000000000021e-07
4.080000000000000000e+03 -8.339999999999999771e-07
4.075000000000000000e+03 7.230000000000000022e-07
4.070000000000000000e+03 2.494714281000000471e-06
4.065000000000000000e+03 2.853531041000000133e-06
4.060000000000000000e+03 3.126063965999999962e-06
4.055000000000000000e+03 -9.770000000000001326e-07
4.050000000000000000e+03 1.583752891999999986e-06
4.045000000000000000e+03 1.631828926999999994e-06
4.040000000000000000e+03 1.378183661000000121e-06
4.035000000000000000e+03 2.123758168000000190e-06
4.030000000000000000e+03 2.468332241000000110e-06
4.025000000000000000e+03 2.209167577999999872e-06
4.020000000000000000e+03 -5.149999999999999396e-07
4.015000000000000000e+03 5.199999999999999976e-07
4.010000000000000000e+03 2.338945923999999895e-06
4.005000000000000000e+03 3.096577419999999964e-06
4.000000000000000000e+03 -6.009999999999999421e-07
3.995000000000000000e+03 1.330578234000000046e-06
3.990000000000000000e+03 3.444638860000000377e-06
3.985000000000000000e+03 -1.150100869999999988e-06
3.980000000000000000e+03 2.295279700999999812e-06
3.975000000000000000e+03 2.490990737000000126e-06
3.970000000000000000e+03 5.850000000000000106e-07
3.965000000000000000e+03 2.879999999999999848e-07
3.960000000000000000e+03 2.611516102000000076e-06
3.955000000000000000e+03 7.540000000000000019e-07
3.950000000000000000e+03 1.938681670999999861e-06
3.945000000000000000e+03 8.749999999999999869e-07
3.940000000000000000e+03 -2.075364173000000020e-06
3.935000000000000000e+03 -3.169999999999999931e-07
3.930000000000000000e+03 1.730000000000000006e-07
3.925000000000000000e+03 3.023400785999999815e-06
3.920000000000000000e+03 8.959999999999999764e-07
3.915000000000000000e+03 -1.509999999999999889e-07
3.910000000000000000e+03 4.166467988000000178e-06
3.905000000000000000e+03 1.245433377000000023e-06
3.900000000000000000e+03 1.517025812000000080e-06
3.895000000000000000e+03 2.572795784000000121e-06
3.890000000000000000e+03 -7.169999999999999750e-07
3.885000000000000000e+03 2.431246684999999955e-06
3.880000000000000000e+03 1.474447199000000028e-06
3.875000000000000000e+03 1.566196878999999937e-06
3.870000000000000000e+03 1.184926950000000010e-06
3.865000000000000000e+03 7.729999999999999470e-07
3.860000000000000000e+03 1.021955103999999896e-06
3.855000000000000000e+03 5.330000000000000214e-07
3.850000000000000000e+03 1.877800095999999971e-06
3.845000000000000000e+03 -7.730000000000001058e-08
3.840000000000000000e+03 -2.879999999999999848e-07
3.835000000000000000e+03 3.050000000000000180e-08
3.830000000000000000e+03 1.993492623999999982e-06
3.825000000000000000e+03 -5.319999999999999992e-08
3.820000000000000000e+03 8.470000000000000008e-07
3.815000000000000000e+03 2.702594211000000038e-06
3.810000000000000000e+03 7.430000000000000225e-07
3.805000000000000000e+03 1.566670689000000050e-06
3.800000000000000000e+03 3.409845521999999695e-06
3.795000000000000000e+03 1.968079305000000051e-06
3.790000000000000000e+03 2.272303390999999951e-06
3.785000000000000000e+03 2.821901871000000153e-06
3.780000000000000000e+03 2.193519758000000145e-06
3.775000000000000000e+03 1.590000000000000076e-07
3.770000000000000000e+03 2.328102418999999771e-06
3.765000000000000000e+03 1.386378425999999853e-06
3.760000000000000000e+03 2.343310334000000084e-06
3.755000000000000000e+03 2.329491690000000026e-06
3.750000000000000000e+03 1.488142152000000008e-06
3.745000000000000000e+03 4.132824833999999720e-06
3.740000000000000000e+03 3.709021256999999903e-06
3.735000000000000000e+03 5.858947407000000478e-06
3.730000000000000000e+03 2.942653372999999956e-06
3.725000000000000000e+03 1.806028158000000021e-06
3.720000000000000000e+03 1.621224218999999907e-06
3.715000000000000000e+03 2.486768062000000037e-06
3.710000000000000000e+03 2.640000000000000346e-07
3.705000000000000000e+03 -1.790000000000000014e-07
3.700000000000000000e+03 2.536430839000000140e-06
3.695000000000000000e+03 3.312933259000000129e-06
3.690000000000000000e+03 2.095324307000000269e-06
3.685000000000000000e+03 2.112431101999999839e-06
3.680000000000000000e+03 1.622259588000000063e-06
3.675000000000000000e+03 3.286242135999999937e-06
3.670000000000000000e+03 -1.179999999999999978e-08
3.665000000000000000e+03 1.872327411999999967e-06
3.660000000000000000e+03 2.510290360000000102e-06
3.655000000000000000e+03 2.651833346999999697e-06
3.650000000000000000e+03 3.240533114999999673e-06
3.645000000000000000e+03 1.827420055999999979e-06
3.640000000000000000e+03 2.298237669000000032e-06
3.635000000000000000e+03 1.949999999999999859e-07
3.630000000000000000e+03 1.199856997000000117e-06
3.625000000000000000e+03 2.859999999999999934e-07
3.620000000000000000e+03 3.351382328999999538e-06
3.615000000000000000e+03 2.218687149999999797e-06
3.610000000000000000e+03 1.938843487999999751e-06
3.605000000000000000e+03 3.404850721999999971e-06
3.600000000000000000e+03 -1.700419088999999953e-06
3.595000000000000000e+03 2.032930787999999927e-06
3.590000000000000000e+03 7.749999999999999914e-07
3.585000000000000000e+03 1.214188014000000097e-06
3.580000000000000000e+03 9.029999999999999729e-07
3.575000000000000000e+03 1.237810792999999903e-06
3.570000000000000000e+03 2.056840167000000063e-06
3.565000000000000000e+03 3.618602058999999916e-06
3.560000000000000000e+03 2.047594753000000016e-06
3.555000000000000000e+03 1.705493778000000107e-06
3.550000000000000000e+03 2.215526620000000220e-06
3.545000000000000000e+03 7.629999999999999369e-07
3.540000000000000000e+03 3.760127875000000220e-06
3.535000000000000000e+03 4.119999999999999835e-07
3.530000000000000000e+03 2.028492016999999880e-06
3.525000000000000000e+03 2.795492181999999975e-06
3.520000000000000000e+03 4.560028609999999772e-06
3.515000000000000000e+03 -1.543366524999999923e-06
3.510000000000000000e+03 2.209822269000000208e-06
3.505000000000000000e+03 1.993035548000000008e-06
3.500000000000000000e+03 2.419183875000000121e-06
3.495000000000000000e+03 4.809999999999999264e-07
3.490000000000000000e+03 7.459999999999999302e-07
3.485000000000000000e+03 1.018033435999999988e-06
3.480000000000000000e+03 1.004904116000000007e-06
3.475000000000000000e+03 2.466309233999999829e-06
3.470000000000000000e+03 3.611464053000000005e-06
3.465000000000000000e+03 1.897684269000000064e-06
3.460000000000000000e+03 7.260000000000000159e-07
3.455000000000000000e+03 -2.110000000000000233e-07
3.450000000000000000e+03 1.909997808999999917e-06
3.445000000000000000e+03 2.468398889000000047e-06
3.440000000000000000e+03 1.184868232999999938e-06
3.435000000000000000e+03 5.280000000000000693e-07
3.430000000000000000e+03 -8.650000000000000032e-08
3.425000000000000000e+03 1.593966152999999834e-06
3.420000000000000000e+03 2.267380041000000008e-06
3.415000000000000000e+03 9.179999999999999352e-07
3.410000000000000000e+03 1.787462097000000082e-06
3.405000000000000000e+03 2.255735162000000133e-06
3.400000000000000000e+03 1.118629007000000056e-06
3.395000000000000000e+03 -2.759999999999999833e-07
3.390000000000000000e+03 2.826765120999999771e-06
3.385000000000000000e+03 1.148668816000000074e-06
3.380000000000000000e+03 3.566089726999999730e-06
3.375000000000000000e+03 7.040000000000000571e-07
3.370000000000000000e+03 3.190000000000000374e-07
3.365000000000000000e+03 3.310320025999999894e-06
3.360000000000000000e+03 1.484189414999999947e-06
3.355000000000000000e+03 6.360000000000000305e-07
3.350000000000000000e+03 2.097967517000000296e-06
3.345000000000000000e+03 -3.219999999999999452e-07
3.340000000000000000e+03 1.073369057999999953e-06
3.335000000000000000e+03 1.105992850999999879e-06
3.330000000000000000e+03 1.775482377999999799e-06
3.325000000000000000e+03 8.969999999999999456e-07
3.320000000000000000e+03 1.680391723999999876e-06
3.315000000000000000e+03 2.945958694999999604e-06
3.310000000000000000e+03 2.183022588999999779e-06
3.305000000000000000e+03 2.297852042999999840e-06
3.300000000000000000e+03 1.998931401999999811e-06
3.295000000000000000e+03 1.670449419000000148e-06
3.290000000000000000e+03 1.633700449000000171e-06
3.285000000000000000e+03 -1.720000000000000049e-07
3.280000000000000000e+03 -2.949999999999999814e-07
3.275000000000000000e+03 3.027652565000000023e-06
3.270000000000000000e+03 1.628310128999999939e-06
3.265000000000000000e+03 1.062853043999999943e-06
3.260000000000000000e+03 -2.860000000000000133e-08
3.255000000000000000e+03 5.050000000000000354e-07
3.250000000000000000e+03 1.150723400999999920e-06
3.245000000000000000e+03 3.551048575999999994e-06
3.240000000000000000e+03 1.088514618000000126e-06
3.235000000000000000e+03 9.330000000000000827e-08
3.230000000000000000e+03 1.864522636999999953e-06
3.225000000000000000e+03 2.697087183999999651e-06
3.220000000000000000e+03 8.220000000000000284e-07
3.215000000000000000e+03 3.514481941000000008e-06
3.210000000000000000e+03 -2.979999999999999950e-07
3.205000000000000000e+03 1.879743940999999813e-06
3.200000000000000000e+03 2.910085313000000290e-06
3.195000000000000000e+03 2.499999999999999887e-07
3.190000000000000000e+03 1.402060733999999959e-06
3.185000000000000000e+03 3.411936050000000009e-06
3.180000000000000000e+03 -1.230000000000000029e-07
3.175000000000000000e+03 2.585221954999999956e-06
3.170000000000000000e+03 2.476722002000000339e-06
3.165000000000000000e+03 3.028178180000000123e-06
3.160000000000000000e+03 2.185459161000000063e-06
3.155000000000000000e+03 1.712504599999999867e-06
3.150000000000000000e+03 2.981600409999999969e-06
3.145000000000000000e+03 2.630250818999999620e-06
3.140000000000000000e+03 1.973612380000000059e-06
3.135000000000000000e+03 4.360000000000000396e-07
3.130000000000000000e+03 3.208574198999999764e-06
3.125000000000000000e+03 1.612510968999999893e-06
3.120000000000000000e+03 3.535227152000000289e-06
3.115000000000000000e+03 1.322392199999999905e-06
3.110000000000000000e+03 1.643745927000000086e-06
3.105000000000000000e+03 3.808082547000000336e-06
3.100000000000000000e+03 2.349603600999999744e-06
3.095000000000000000e+03 1.264113671000000037e-06
3.090000000000000000e+03 -1.600000000000000033e-07
3.085000000000000000e+03 2.032739138999999818e-06
3.080000000000000000e+03 1.575105707000000018e-06
3.075000000000000000e+03 1.900000000000000073e-07
3.070000000000000000e+03 2.994363312999999875e-06
3.065000000000000000e+03 1.959999999999999816e-07
3.060000000000000000e+03 -1.499999999999999932e-07
3.055000000000000000e+03 9.789999999999998593e-07
3.050000000000000000e+03 3.813451912999999943e-06
3.045000000000000000e+03 9.369999999999999862e-07
3.040000000000000000e+03 2.158175193000000052e-06
3.035000000000000000e+03 1.864997321000000060e-06
3.030000000000000000e+03 2.198777802000000179e-06
3.025000000000000000e+03 2.934994990999999998e-06
3.020000000000000000e+03 2.877521620000000054e-06
3.015000000000000000e+03 2.427889704000000002e-06
3.010000000000000000e+03 9.779999999999999960e-07
3.005000000000000000e+03 1.916459731999999818e-06
3.000000000000000000e+03 2.128808991999999853e-06
